x1,x2,x3,x4,x5,x6,x7,x8,x9,x10,x11,x12,x13,x14,x15,x16,x17,x18,x19,x20,x21,x22,x23,x24,x25,x26,x27,x28,x29,x30,x31,x32,x33,x34,x35,x36,x37,x38,x39,x40,x41,x42,x43,x44,x45,x46,x47,x48,x49,x50,x51,x52,x53,x54,x55,x56,x57,x58,x59,x60,x61,x62,x63,x64,x65,x66,x67,x68,x69,x70,x71,x72,x73,x74,x75,x76,x77,x78
0.14503769148054804,-0.0653554062765467,-0.04229551119082128,-0.0054939518692288455,-0.0023593089516658547,-0.008485472990639321,-0.0027266666258607478,-0.000325332966461811,-0.003317076102136468,-0.0017115478174204515,-6.62956819961133e-5,-0.0015325197417193487,-0.0011143027487870091,-0.00022871165688417155,-0.0009198098146847439,-0.0006771945390614612,-0.0003515547827816559,-0.0008409514832090695,-0.00043569901840374847,-8.789197022197881e-5,-0.0005012158073941786,-0.00033312713738176125,-0.00017144663177381947,-0.0004310027195133792,-0.00022614774840731822,-0.00014176220097941034,-0.00036398815348274993,-0.00017852871123071046,-0.00012237815187398499,-0.00028992858320744247,-0.00012338119595980968,-0.00010193605578846104,-0.00023782442184041436,-0.00012086355209250943,-0.00015245652270027416,-0.00024635033542429186,-6.370533681276935e-5,-4.955193957539156e-5,-0.0001594157812410124,-7.939756225918554e-5,-0.00011180715433652816,-0.00017191105681991364,-6.396623896040565e-5,-0.00010948716205848308,-0.00017263581385369708,-3.615847677867351e-5,-4.984072413685703e-5,-0.00013749607132658437,-3.724702514827649e-5,-2.9116744717866405e-5,-0.00010566535790457882,-5.0543668743303904e-5,-6.525355623107632e-5,-0.00011241667814113065,-4.050385253202837e-5,-6.423310776366292e-5,-0.00011156872630069259,-2.8976629000344867e-5,-3.913843711974424e-5,-8.834278685815322e-5,-3.891545645301475e-5,-6.901579481525394e-5,-9.313468297580951e-5,-2.1776873773256267e-5,-5.4294212794729624e-5,-8.532454944479989e-5,-2.4987764811412738e-5,-5.847691990922693e-5,-7.565202290908679e-5,-2.130328879917931e-5,-6.84781710957108e-5,-7.594088689130002e-5,-1.4027858949189342e-5,-6.237147545756772e-5,-6.726467597750752e-5,-1.7885326214425734e-5,-7.810321128218223e-5,-6.481426179021088e-5
-0.0653554062765467,0.23600815307673123,-0.10871215504321505,-0.024740954161415182,-0.00034295076827292603,-0.010221265255372633,-0.005418165034718661,-3.4360775288871936e-5,-0.0035791085486092528,-0.0025949410195398315,-3.335213418756422e-5,-0.001610118533374394,-0.0014914195134891894,-0.00026264405320464146,-0.0010028453307698026,-0.0008634798110134234,-0.0003833139131003416,-0.0009529474357432011,-0.000568431769589331,-8.717844801658936e-5,-0.0005580077490336122,-0.0004146367644904947,-0.00018694597379229072,-0.0004913180681868357,-0.000281446812688102,-0.00015199629651771462,-0.0004162181561949141,-0.0002203695866251909,-0.00013297920806262797,-0.00033371724002681513,-0.00015196489804142344,-0.00011065205238111608,-0.0002739489401601958,-0.00014466696572482118,-0.00016977746384541637,-0.0002863974584307871,-7.986319263494912e-5,-5.2686564169068806e-5,-0.00018352583824574054,-9.408798212282021e-5,-0.00012539792173929531,-0.00019955645395153265,-7.592411100257324e-5,-0.00012270122207580503,-0.00020052703799054716,-4.4573751434906494e-5,-5.461971652748199e-5,-0.00015880472031676307,-4.533301561973624e-5,-3.183608117515724e-5,-0.00012162592630249325,-5.940613690835761e-5,-7.38766623028797e-5,-0.00012996776528897969,-4.757111745778975e-5,-7.271920158832823e-5,-0.0001290590798207758,-3.4362784935543234e-5,-4.416518386585189e-5,-0.00010199986233075387,-4.527364871736994e-5,-7.886625416850257e-5,-0.00010783313004772421,-2.5470508947633697e-5,-6.19596158261404e-5,-9.868648518870926e-5,-2.9053777219734123e-5,-6.702316884033e-5,-8.750991500702798e-5,-2.463144933728678e-5,-7.865490383285323e-5,-8.78229038448336e-5,-1.6228665445150448e-5,-7.174477834218096e-5,-7.770377102941928e-5,-2.061655845714272e-5,-9.000922277130341e-5,-7.479153023109975e-5
-0.04229551119082128,-0.10871215504321505,0.22223643159543677,-0.05635390438001023,-0.010892938015036144,-1.3172230224345327e-6,-0.0017846229210796566,-0.0009614667358683188,-1.4701203067707391e-5,-0.000375238516339263,-0.0002480102666349432,-1.1552401618292185e-5,-0.0001279117396540963,-8.919217225109022e-5,-1.7170027083943107e-5,-6.156699548910682e-5,-3.4874966981818245e-5,-1.6909417682786643e-5,-4.0664267102738516e-5,-1.4672388104319811e-5,-6.128159668258859e-6,-2.1870688357447654e-5,-8.644832038620653e-6,-8.191243460436981e-6,-1.5010015609551175e-5,-4.084013012314869e-6,-6.61929333868605e-6,-1.0465189248368145e-5,-2.634585285696267e-6,-5.925538877987746e-6,-7.1702687857860825e-6,-1.500578341168124e-6,-4.8186632969488e-6,-5.186082022448635e-6,-2.128823516855949e-6,-5.719101964812845e-6,-4.0148417061319774e-6,-2.437196858912083e-7,-3.17840513104628e-6,-2.9067014777617306e-6,-1.5605755239039842e-6,-3.958120254443642e-6,-2.3818059110003453e-6,-1.3834803815893082e-6,-3.9473526918659685e-6,-1.8779272443203432e-6,-3.1209008219401646e-7,-2.8483909139537245e-6,-1.632091847073025e-6,-1.848360170336738e-7,-2.094331713123343e-6,-1.4826249065402752e-6,-9.970863257963147e-7,-2.41734425758533e-6,-1.178523222025718e-6,-9.536063633464043e-7,-2.412023319547929e-6,-9.363397403122642e-7,-5.384432437832709e-7,-1.8573555762568805e-6,-9.568891210509634e-7,-1.217489274202288e-6,-2.0561254133605322e-6,-5.839661699064136e-7,-9.286351559945061e-7,-1.8493991213314187e-6,-6.012028272439629e-7,-1.0854684961009164e-6,-1.647787333733386e-6,-4.68573724474175e-7,-1.3199802923052895e-6,-1.6458313040895733e-6,-3.086016457237717e-7,-1.2338432920644404e-6,-1.4328278875874734e-6,-3.681857917298137e-7,-1.5967179167741818e-6,-1.3551052199037295e-6
-0.0054939518692288455,-0.024740954161415182,-0.05635390438001023,0.20185008652685504,-0.06545264621752435,-0.02659427906164409,-0.0018185892095858441,-0.0023330786993952246,-0.005171816402528853,-0.0012963904901130419,-0.0003858164421272209,-0.0019788755548936915,-0.0009199204749098105,-0.0003034362112918909,-0.00101401381199967,-0.0005620353535458616,-0.0003816840005048394,-0.0008081443614767619,-0.0003231585183326863,-0.00011280906370657318,-0.00048319660743852133,-0.00026344664897061387,-0.00017172409207004413,-0.0003901046778821693,-0.0001752963794645901,-0.0001415291023386528,-0.0003221289966880425,-0.00013786332827971093,-0.00011797807732387422,-0.00025170297122247,-9.503219280199149e-5,-9.734418854333293e-5,-0.00020459246949114385,-9.709139482257101e-5,-0.00013815302717447298,-0.00020735001606857206,-4.664901295715895e-5,-4.839734868823664e-5,-0.00013630025693173176,-6.453819821845841e-5,-9.9569457192486e-5,-0.00014428000651253714,-5.167119002011389e-5,-9.736589441018684e-5,-0.0001443552108470053,-2.7050835946021423e-5,-4.5879461714762315e-5,-0.00011598409416727073,-2.8517725282159456e-5,-2.6888916415945818e-5,-8.961787617796368e-5,-4.131726233644328e-5,-5.6872534761151505e-5,-9.45127316729355e-5,-3.313152616082893e-5,-5.594547974187292e-5,-9.36308279293474e-5,-2.3253304944362285e-5,-3.425770835292774e-5,-7.43595090615945e-5,-3.231866763028779e-5,-5.9112068416439234e-5,-7.798265406411264e-5,-1.7916015831537235e-5,-4.6601396305814835e-5,-7.15501223917947e-5,-2.0756875323768575e-5,-4.9810869038852124e-5,-6.342344549190027e-5,-1.7876714518375025e-5,-5.810647376974787e-5,-6.367694692617498e-5,-1.175357227585494e-5,-5.278794658668262e-5,-5.6509751042474465e-5,-1.5082363977417246e-5,-6.588489575716505e-5,-5.455092223908414e-5
-0.0023593089516658547,-0.00034295076827292603,-0.010892938015036144,-0.06545264621752435,0.22440544316045613,-0.08915421768050391,-0.02452683665228224,-3.2934533098882834e-5,-0.007119717635466066,-0.005207620093725357,-0.00011979801118092159,-0.00239073753980891,-0.0023222383646431533,-0.0003864537001851409,-0.0013329576105693686,-0.0011966590340839467,-0.0004771970800195452,-0.00118901368982878,-0.0007483354335427184,-0.00010502517099204856,-0.0006754424020594535,-0.0005212214998779052,-0.00021932127302448645,-0.0005853693691099671,-0.00034655730499354165,-0.00017359099497880892,-0.0004884407855827028,-0.0002659651805213825,-0.000151315732772897,-0.00038950850070582077,-0.0001819338593499198,-0.00012495261503825406,-0.00031741023086676035,-0.000169470010126474,-0.00019235089923104465,-0.0003312038545585927,-9.513313424695802e-5,-5.864166445826435e-5,-0.00021108173138358055,-0.00010917024603382397,-0.00014188213308627406,-0.00022929344958055875,-8.784852414778221e-5,-0.0001385101016520146,-0.00022994450324012594,-5.223415599726888e-5,-6.0971398553308354e-5,-0.00018146697412499413,-5.2830989243121684e-5,-3.5473481158496134e-5,-0.00013868431318547758,-6.824648617688445e-5,-8.35090205573985e-5,-0.00014828360434919474,-5.4591368775142035e-5,-8.216451548437309e-5,-0.000147167342707602,-3.9548274751777246e-5,-4.9809568361328105e-5,-0.0001161762226238594,-5.169323093708045e-5,-8.938980433839672e-5,-0.00012291095966139587,-2.914338040665987e-5,-7.01778947481968e-5,-0.00011239923292771792,-3.3147204478625736e-5,-7.603752939927544e-5,-9.966613728201734e-5,-2.804523179930629e-5,-8.930315457929272e-5,-9.999009531766467e-5,-1.8475444571702804e-5,-8.150032723930334e-5,-8.84266956940466e-5,-2.3440428588497597e-5,-0.00010232334882626093,-8.50691605570747e-5
-0.008485472990639321,-0.010221265255372633,-1.3172230224345327e-6,-0.02659427906164409,-0.08915421768050391,0.22231938363139991,-0.06577081319526427,-0.014465468887649505,-8.482958492973813e-5,-0.0028713821834488035,-0.0016583696968398426,-7.748857456464642e-5,-0.0007047034178683242,-0.000468547932258076,-9.976330942769451e-5,-0.00030382502242119747,-0.00016913182392576387,-8.871842035974853e-5,-0.00018575516164023864,-6.610456071186321e-5,-3.446146062756339e-5,-9.773546069592742e-5,-3.9536537770903935e-5,-4.1833453228432016e-5,-6.630175508584579e-5,-1.951831980145924e-5,-3.289700083573821e-5,-4.5181360498358636e-5,-1.2783174137762088e-5,-2.885307921222935e-5,-3.09832991752107e-5,-7.808463289876721e-6,-2.307625928923973e-5,-2.2509052983385458e-5,-1.0951697137107086e-5,-2.6721632835319253e-5,-1.6949860714945975e-5,-1.8529661863636582e-6,-1.520288900626332e-5,-1.2757215324232796e-5,-7.962816841664e-6,-1.8298983089914955e-5,-1.0318164460024204e-5,-7.212872387044045e-6,-1.8279449099156686e-5,-7.91732772525977e-6,-2.0672586132364223e-6,-1.342613007011828e-5,-6.997079283088681e-6,-1.2242815496388282e-6,-9.928380154580752e-6,-6.614980477367971e-6,-4.966477305218264e-6,-1.125954969931342e-5,-5.236615278181311e-6,-4.776652292828865e-6,-1.1236483418178289e-5,-4.118430045219057e-6,-2.7494007255463027e-6,-8.691166655347415e-6,-4.364134197729075e-6,-5.880474248834422e-6,-9.531196968046163e-6,-2.622550049027894e-6,-4.513678422107814e-6,-8.606404551123048e-6,-2.7518211644650403e-6,-5.1914391484553235e-6,-7.655416972396356e-6,-2.1711469530977245e-6,-6.268562738345751e-6,-7.656610053474733e-6,-1.432391759523255e-6,-5.831660246286008e-6,-6.6832628423108e-6,-1.727143566526701e-6,-7.50240605049135e-6,-6.341911964788394e-6
-0.0027266666258607478,-0.005418165034718661,-0.0017846229210796566,-0.0018185892095858441,-0.02452683665228224,-0.06577081319526427,0.20902805352757192,-0.06565609976891677,-0.022887221591187112,-0.0011906450539099639,-0.002483812851864317,-0.003940597520783767,-0.0009051890154102848,-0.0007273725214929222,-0.0014685960408137716,-0.0005447892623399175,-0.0005626458065498691,-0.0009061334891475176,-0.0002417764234844827,-0.00019722817699485695,-0.0005235696705328946,-0.00021198344784224832,-0.00020530555274823892,-0.00038303190120367314,-0.0001384943269062966,-0.00016291575367420597,-0.00029987184448579396,-0.00010412484107397146,-0.0001266679453443692,-0.000227281611928698,-7.245170374299559e-5,-0.00010185448459813784,-0.00018047502036232232,-7.764048606212492e-5,-0.00013218435745164514,-0.00017657591559201713,-3.1683723707570666e-5,-5.128067968115935e-5,-0.00011875158756412263,-5.250004173359968e-5,-9.225631253929889e-5,-0.00012169102873774151,-4.1310059999147275e-5,-8.970750218367796e-5,-0.00012100716663146494,-1.879206178367898e-5,-4.435900905101764e-5,-9.860404102832176e-5,-2.069116126027226e-5,-2.614841713904914e-5,-7.680406044346944e-5,-3.352081849676558e-5,-5.0813957992626446e-5,-7.981834856093939e-5,-2.6831987755951414e-5,-4.987224177299687e-5,-7.887831525804634e-5,-1.825878274069881e-5,-3.0768238529210734e-5,-6.293579094304724e-5,-2.682290806982346e-5,-5.138158753656419e-5,-6.544011679178452e-5,-1.4631304061221706e-5,-4.0627528750711295e-5,-6.020482673069205e-5,-1.722800818465542e-5,-4.293132420793433e-5,-5.333263468773608e-5,-1.5058463157371915e-5,-4.97872467037086e-5,-5.3572102922117004e-5,-9.882062546553994e-6,-4.505209418805001e-5,-4.7679439389325395e-5,-1.2799900783053153e-5,-5.594651043257237e-5,-4.616010766859274e-5
-0.000325332966461811,-3.4360775288871936e-5,-0.0009614667358683188,-0.0023330786993952246,-3.2934533098882834e-5,-0.014465468887649505,-0.06565609976891677,0.2209522782257261,-0.08283240069175266,-0.024188019262889285,-0.0005355756723069288,-0.005861287905330012,-0.004724481517260223,-0.0006989299473019323,-0.002255226390644488,-0.0018834288798807303,-0.0006810876012872252,-0.0016587757912108342,-0.0010203017257040953,-0.00014971544863470743,-0.0008890492078371393,-0.0006630700542403639,-0.00027291835147906507,-0.000730142221606167,-0.0004262315650462867,-0.00021042765585248258,-0.0005862965433274664,-0.0003133282203558463,-0.0001786166291695701,-0.00046029292741192607,-0.00021268528379302098,-0.00014598544198428376,-0.00036828852593445704,-0.00019326791037058144,-0.00022026046857967496,-0.0003800756217771928,-0.00010823674550519691,-6.795716599145019e-5,-0.00024166402717551438,-0.0001236313478775175,-0.00016094647605692514,-0.0002596052912001434,-9.842050606934105e-5,-0.0001565261743771834,-0.0002594774091015245,-5.821751874239556e-5,-6.899534263242468e-5,-0.0002046089024908826,-5.908929169924637e-5,-4.011024533709384e-5,-0.00015612167636878949,-7.643623984854298e-5,-9.380498207932353e-5,-0.00016632782401376778,-6.0943749671110714e-5,-9.221795933402055e-5,-0.00016492462358377868,-4.4102628008996225e-5,-5.590375633168776e-5,-0.0001301251909723855,-5.775851611510008e-5,-0.00010011443338210635,-0.00013747870705853316,-3.2499718197312455e-5,-7.859447091218552e-5,-0.00012570664827042666,-3.701790199872601e-5,-8.509257864119935e-5,-0.00011141482814625014,-3.1331520035204896e-5,-9.989600759745254e-5,-0.00011176091598989746,-2.064208911249643e-5,-9.11410841377136e-5,-9.883472939349602e-5,-2.620339139808303e-5,-0.00011439522917652822,-9.509055205015465e-5
-0.003317076102136468,-0.0035791085486092528,-1.4701203067707391e-5,-0.005171816402528853,-0.007119717635466066,-8.482958492973813e-5,-0.022887221591187112,-0.08283240069175266,0.22294910328028333,-0.0697625890395657,-0.016400679073951888,-0.0006739339520559495,-0.003502427959837101,-0.0019948175321089084,-0.0004654920446830746,-0.0010927397543175482,-0.0005822863935541212,-0.00032565967068763635,-0.0005635148986755517,-0.0002006395981995479,-0.00012504079768198284,-0.0002752002492841521,-0.00011682575162315356,-0.00013585416013939255,-0.00018369244884056113,-5.9468553014419e-5,-9.764609474152697e-5,-0.00011663235094433455,-3.7860564978439704e-5,-8.429006609660117e-5,-8.096554253400612e-5,-2.4178449884212916e-5,-6.409962632770994e-5,-5.693299872780444e-5,-3.204433453166122e-5,-7.267827312011643e-5,-4.224507873241967e-5,-6.998576090030961e-6,-4.194576387170357e-5,-3.261985240261833e-5,-2.269866852881719e-5,-4.817308317917046e-5,-2.548679565948786e-5,-2.0703778012498564e-5,-4.831383212847151e-5,-1.921940482353668e-5,-6.875987089663416e-6,-3.6148142849259934e-5,-1.7432396783520487e-5,-4.116334960127532e-6,-2.6726323657785822e-5,-1.6924032338092032e-5,-1.380364072760265e-5,-2.9684124366297082e-5,-1.3196394504880193e-5,-1.3302286565125554e-5,-2.9719945871947706e-5,-1.0374726677100932e-5,-7.786627113912092e-6,-2.3060274867578445e-5,-1.1332496376345591e-5,-1.5967390196824915e-5,-2.5039448366612205e-5,-6.6768588057875e-6,-1.2316150963753714e-5,-2.2732569261899038e-5,-7.178104189209389e-6,-1.399644894976848e-5,-2.0154239254402406e-5,-5.689858580557039e-6,-1.6811163566374243e-5,-2.0208430599702454e-5,-3.777158418261095e-6,-1.5582345884793125e-5,-1.7665787923490384e-5,-4.584475756075346e-6,-1.995582885022662e-5,-1.6816512753550783e-5
-0.0017115478174204515,-0.0025949410195398315,-0.000375238516339263,-0.0012963904901130419,-0.005207620093725357,-0.0028713821834488035,-0.0011906450539099639,-0.024188019262889285,-0.0697625890395657,0.21375170315948358,-0.06611801403472893,-0.021057435580346118,-0.0016567842059134336,-0.003111590003996259,-0.0032571492075049724,-0.0008136050545582696,-0.001175172958095383,-0.0012922251035782095,-0.00024823077744833,-0.0004153919233227249,-0.000647020311316332,-0.00018559324130076882,-0.00029574044238260544,-0.0004317759225351825,-0.00013647726126848891,-0.00022015624873564232,-0.0003037666114151516,-8.262654097054845e-5,-0.0001539062123924323,-0.00022678492362490643,-6.496823908354321e-5,-0.00011990598356136084,-0.00017086976656351116,-6.648201195985637e-5,-0.00013896867503467025,-0.00016312572111197576,-2.3526534417422917e-5,-5.9621607407675525e-5,-0.0001120308103536305,-4.7004424020682944e-5,-9.306374624332148e-5,-0.0001096202720189815,-3.4952743089053384e-5,-8.959074806559608e-5,-0.00010934255376501834,-1.346827356489555e-5,-4.676101009805367e-5,-9.124743023081194e-5,-1.630407103984932e-5,-2.7903324120406858e-5,-7.14811484911898e-5,-2.9578089547621644e-5,-4.944481321451921e-5,-7.280907250825641e-5,-2.3227100625147767e-5,-4.8323295375574116e-5,-7.21932774105094e-5,-1.5518355430468866e-5,-3.0150052342622913e-5,-5.793792422642552e-5,-2.4250094954020307e-5,-4.866168091725853e-5,-5.9598521499143464e-5,-1.286586968268777e-5,-3.860182060794193e-5,-5.52039020274564e-5,-1.562972880338187e-5,-4.0345642367142776e-5,-4.876885448032442e-5,-1.3767151068336259e-5,-4.652358771349563e-5,-4.913556414913589e-5,-9.07868494395836e-6,-4.193949222559834e-5,-4.38352492385663e-5,-1.1836495205488906e-5,-5.1819882576673026e-5,-4.2599819704121356e-5
-6.62956819961133e-5,-3.335213418756422e-5,-0.0002480102666349432,-0.0003858164421272209,-0.00011979801118092159,-0.0016583696968398426,-0.002483812851864317,-0.0005355756723069288,-0.016400679073951888,-0.06611801403472893,0.2207352491397911,-0.07875307503892054,-0.023233775531927764,-0.002105451724427096,-0.005807165761164149,-0.0039912248119516325,-0.0012773322117421854,-0.002778564280253998,-0.0015743540130657013,-0.0002911340904563908,-0.001318753166419731,-0.0008890499073918312,-0.0003701892810545754,-0.0009750829381614118,-0.0005496646569870811,-0.000280464744876599,-0.0007282370050735454,-0.0003685239835464621,-0.00022003560686399692,-0.0005561701399965924,-0.0002515105536631118,-0.00017810804696034854,-0.0004289720984585327,-0.0002163218066194711,-0.0002531477024794865,-0.00043372080431682003,-0.00012117343591712404,-8.145079653333609e-5,-0.0002750926765117262,-0.00013780470007090928,-0.0001812739174506528,-0.0002883578393718528,-0.00010672026043628824,-0.00017463330185382708,-0.00028680400705401177,-6.247668298181575e-5,-7.774645365617172e-5,-0.00022646615601452924,-6.4276275600475e-5,-4.532239327448284e-5,-0.00017226033213527114,-8.337719569773139e-5,-0.00010342645154522156,-0.0001819776215294111,-6.584328757024138e-5,-0.00010142452803675595,-0.00018032614012701564,-4.766307980536011e-5,-6.159349636815359e-5,-0.00014220179952426082,-6.279712679035931e-5,-0.00010958193411790551,-0.00014972997158128887,-3.5103297166258485e-5,-8.603503891822795e-5,-0.0001370132344717251,-4.024290967434563e-5,-9.297365587966622e-5,-0.00012127353985792733,-3.4047775727116814e-5,-0.00010903037816314964,-0.00012168749371499477,-2.2468921005353026e-5,-9.940619362083791e-5,-0.00010760971266672581,-2.854407951573268e-5,-0.0001246736660492631,-0.00010358360920508652
-0.0015325197417193487,-0.001610118533374394,-1.1552401618292185e-5,-0.0019788755548936915,-0.00239073753980891,-7.748857456464642e-5,-0.003940597520783767,-0.005861287905330012,-0.0006739339520559495,-0.021057435580346118,-0.07875307503892054,0.22478354292152675,-0.07136868236876778,-0.017818935751623702,-0.0024427666724558816,-0.004215348900764623,-0.002170333791347262,-0.0011185108276706435,-0.0015095284981598567,-0.0005669704753322874,-0.00040420153317656526,-0.000658258028425382,-0.00030159820458701414,-0.00036147821209679687,-0.00040694459350325285,-0.0001582974830118128,-0.00025180783730803513,-0.0002469389047124182,-0.0001009634999029757,-0.00020720511898135452,-0.0001697139483184673,-6.792893766451036e-5,-0.0001536145186780552,-0.00011937144131177191,-8.43037176694178e-5,-0.0001659411657276566,-8.372161191817773e-5,-2.4240119094659507e-5,-9.872765303861608e-5,-6.895864113581895e-5,-5.800279380185902e-5,-0.00010777180937669717,-5.2601097688731446e-5,-5.325848731083105e-5,-0.00010727483457198539,-3.736203864494747e-5,-2.0701095661310176e-5,-8.17117522488725e-5,-3.458375143333692e-5,-1.2378592202780259e-5,-6.088071744030088e-5,-3.5746031461572625e-5,-3.3377875995166395e-5,-6.602372079198005e-5,-2.768644357310779e-5,-3.2201422407729385e-5,-6.58906243467261e-5,-2.1311844355331733e-5,-1.916894590026086e-5,-5.138571493940036e-5,-2.4487239097870095e-5,-3.695767994209287e-5,-5.509593413041691e-5,-1.4138463811277924e-5,-2.8676218980117074e-5,-5.020065712427191e-5,-1.5534274628734024e-5,-3.196886420846201e-5,-4.442855505841503e-5,-1.2528705076952917e-5,-3.805209100557483e-5,-4.4582129046233376e-5,-8.313054141700915e-6,-3.5060134224676465e-5,-3.910915243637847e-5,-1.0225907133634693e-5,-4.457218123130047e-5,-3.7377286305990964e-5
-0.0011143027487870091,-0.0014914195134891894,-0.0001279117396540963,-0.0009199204749098105,-0.0023222383646431533,-0.0007047034178683242,-0.0009051890154102848,-0.004724481517260223,-0.003502427959837101,-0.0016567842059134336,-0.023233775531927764,-0.07136868236876778,0.21986759561121627,-0.06782080008032353,-0.020650853456277152,-0.0028197924824839293,-0.003959335103326619,-0.0031433519591806264,-0.0007767695600975483,-0.001097131539794849,-0.001124942142427407,-0.0003440667943208908,-0.0005578575129646379,-0.0006645578120121898,-0.00025305667641825624,-0.000355946608871463,-0.000403114917245484,-0.00012668510042265768,-0.0002255969709982486,-0.00029706335674362094,-0.00010563870996678493,-0.00016447585537436582,-0.00020560907935630868,-8.540439684101564e-5,-0.00017025952883747975,-0.00019391701060143818,-3.8007731341230255e-5,-7.665740625197037e-5,-0.00013073352859500897,-5.886620757576677e-5,-0.00010767095314430375,-0.00012243411368409451,-4.081683646627032e-5,-0.00010086987439618389,-0.00012160687137101334,-1.7255019606865485e-5,-5.345435447240421e-5,-0.00010160417612667394,-2.0240662992498937e-5,-3.2182876070985245e-5,-7.893730722648151e-5,-3.352190080324613e-5,-5.4507382598587006e-5,-7.917661611185622e-5,-2.544038571969387e-5,-5.2748066458108145e-5,-7.875459314407585e-5,-1.740195147081902e-5,-3.302478406737308e-5,-6.31090587005223e-5,-2.66435106808377e-5,-5.286019041528256e-5,-6.459413410001003e-5,-1.3962221771690597e-5,-4.187429685753585e-5,-6.003164328023669e-5,-1.7142039903439432e-5,-4.375406599850529e-5,-5.2843652958545206e-5,-1.489889071146222e-5,-5.043385522457422e-5,-5.335181788512777e-5,-9.893841864686004e-6,-4.5466693974802186e-5,-4.752834351888502e-5,-1.2824273272066256e-5,-5.619640807483228e-5,-4.620955896916801e-5
-0.00022871165688417155,-0.00026264405320464146,-8.919217225109022e-5,-0.0003034362112918909,-0.0003864537001851409,-0.000468547932258076,-0.0007273725214929222,-0.0006989299473019323,-0.0019948175321089084,-0.003111590003996259,-0.002105451724427096,-0.017818935751623702,-0.06782080008032353,0.22359662787071283,-0.07629736990627833,-0.022054585931979065,-0.0035052611525193955,-0.00620641342027449,-0.003402925985570293,-0.0007489885739285079,-0.002136753043134196,-0.0013351513800929776,-0.0005135931662103715,-0.0012911305840176551,-0.0007447205159840514,-0.00037654825965764693,-0.0008709597368609517,-0.0004317336353448359,-0.0002553897219506329,-0.0006316656133051046,-0.00029434687004457893,-0.00020620186230539683,-0.00046427537444809763,-0.000228240106533259,-0.000265028135865375,-0.0004558641988041956,-0.0001315378285855484,-8.997753917965035e-5,-0.0002867839270963568,-0.00014319756777701753,-0.00018533348174314124,-0.0002916368405235237,-0.00010624931138447646,-0.00017520975313035925,-0.0002879840109405313,-6.265426282638098e-5,-7.855012921222093e-5,-0.00022711849420253838,-6.50317830954289e-5,-4.6148439650284256e-5,-0.00017187442458618807,-8.298605960785355e-5,-0.00010260371517578637,-0.0001797623448154123,-6.450298447546743e-5,-0.00010004916810341102,-0.0001780195187960909,-4.699452463619025e-5,-6.0879350401957244e-5,-0.0001401824196139434,-6.17876137243012e-5,-0.00010782409236449741,-0.0001470889951999399,-3.428217611667339e-5,-8.457852562825108e-5,-0.00013470320387623524,-3.957286970875107e-5,-9.135787506774073e-5,-0.00011900383800249326,-3.333650036523028e-5,-0.00010706074077593275,-0.00011946912040877722,-2.206816151544e-5,-9.758575831277094e-5,-0.00010558472841783184,-2.7999679681561807e-5,-0.00012236618731234494,-0.00010165946221416672
-0.0009198098146847439,-0.0010028453307698026,-1.7170027083943107e-5,-0.00101401381199967,-0.0013329576105693686,-9.976330942769451e-5,-0.0014685960408137716,-0.002255226390644488,-0.0004654920446830746,-0.0032571492075049724,-0.005807165761164149,-0.0024427666724558816,-0.020650853456277152,-0.07629736990627833,0.2260928813946613,-0.07104170312239577,-0.01857279304624404,-0.0035841713809314085,-0.004466894361958226,-0.002091980225860754,-0.0010011724832270086,-0.001419620094869803,-0.000698115224911075,-0.0005713189614791891,-0.0006817719361685848,-0.0003290952032732747,-0.00039855268829483426,-0.00039574463828180584,-0.00018050802973268443,-0.0002842331685321414,-0.00024496461697580407,-0.0001168297221424558,-0.00021287429931898805,-0.00017089161604556813,-0.00012097635945354512,-0.00021129771465228098,-0.0001126154957079295,-4.075441957165915e-5,-0.0001267414200820105,-9.139445657994905e-5,-7.852787540565953e-5,-0.00013595414922985827,-6.991204089493164e-5,-6.96113658105596e-5,-0.00013075444900362276,-4.7364164238283823e-5,-2.7853528059909594e-5,-9.814680199451975e-5,-4.197636607908284e-5,-1.685971855659718e-5,-7.370085119232095e-5,-4.3679625011311396e-5,-4.15249562113057e-5,-7.96561307542798e-5,-3.4137329185210397e-5,-3.9545202262888934e-5,-7.837468246292556e-5,-2.5536013284546688e-5,-2.3468311999355618e-5,-6.10860655528428e-5,-2.9259666333977807e-5,-4.429130144030513e-5,-6.540731525585264e-5,-1.7055040212626826e-5,-3.427619096801893e-5,-5.9221491910066426e-5,-1.8338572710718815e-5,-3.79973923164828e-5,-5.256236658413016e-5,-1.495325798546443e-5,-4.50484232740328e-5,-5.2512891250466875e-5,-9.792579101955412e-6,-4.14330879203173e-5,-4.613456058116805e-5,-1.2091773749847712e-5,-5.2581871904461286e-5,-4.405991291632494e-5
-0.0006771945390614612,-0.0008634798110134234,-6.156699548910682e-5,-0.0005620353535458616,-0.0011966590340839467,-0.00030382502242119747,-0.0005447892623399175,-0.0018834288798807303,-0.0010927397543175482,-0.0008136050545582696,-0.0039912248119516325,-0.004215348900764623,-0.0028197924824839293,-0.022054585931979065,-0.07104170312239577,0.2233424683202849,-0.06985876210973938,-0.0212799683560065,-0.0029086763826700474,-0.0036981397077518324,-0.0031154520302117267,-0.0009885945045432498,-0.0012720814846057665,-0.0012247561433896687,-0.0004305310118543626,-0.000614280278763743,-0.0006806468646604336,-0.00025720456927573465,-0.00037243456532400077,-0.0004354010140127096,-0.00015959301939741377,-0.00024083073943774458,-0.0002967454872709052,-0.00013591613339229702,-0.0002350059181033537,-0.00025780344185342974,-5.8871998594042796e-5,-0.00010514486589766059,-0.00017017787222842196,-7.997607526079309e-5,-0.00013869379549420746,-0.00015821848405300765,-5.8733185804737964e-5,-0.00012675444138220138,-0.00014970980367202957,-2.4676375895246738e-5,-6.551034029095293e-5,-0.0001211829792186897,-2.4963285269269386e-5,-3.898058958415329e-5,-9.440726223844398e-5,-4.0988250936555004e-5,-6.515303929470473e-5,-9.47300950272928e-5,-3.2008772997221824e-5,-6.251268436326118e-5,-9.221442721277229e-5,-2.087314876274282e-5,-3.865329507470039e-5,-7.355760497995689e-5,-3.1269060768640555e-5,-6.140116450088773e-5,-7.534195068854832e-5,-1.6848193123447652e-5,-4.8463093621983755e-5,-6.917855598893852e-5,-1.9730426261577172e-5,-5.044057422305681e-5,-6.117632508086113e-5,-1.7441056262557098e-5,-5.798045758885484e-5,-6.127430430666325e-5,-1.133114385599987e-5,-5.219686991560224e-5,-5.4658360340659184e-5,-1.4766131408563976e-5,-6.446392969533532e-5,-5.3011330573109194e-5
-0.0003515547827816559,-0.0003833139131003416,-3.4874966981818245e-5,-0.0003816840005048394,-0.0004771970800195452,-0.00016913182392576387,-0.0005626458065498691,-0.0006810876012872252,-0.0005822863935541212,-0.001175172958095383,-0.0012773322117421854,-0.002170333791347262,-0.003959335103326619,-0.0035052611525193955,-0.01857279304624404,-0.06985876210973938,0.22565990284100876,-0.07611504377695771,-0.021404309646266842,-0.0023025633789329897,-0.005031938047115714,-0.003224471606433868,-0.0008926866137011907,-0.0019594470414314585,-0.001193734280143799,-0.00043519652753384874,-0.0010837763715195875,-0.0006148111765742342,-0.0002787931072815719,-0.0007009135616226764,-0.00036005905994622445,-0.00019861988154980248,-0.00048274362282141325,-0.0002541424571415041,-0.00024201761070682948,-0.0004476733220867002,-0.00014963284825958434,-7.925731918516365e-5,-0.00027222773416026025,-0.00014231730102666484,-0.0001618181032476962,-0.0002708818644233807,-0.00010441097364062568,-0.00014886745860477613,-0.00025969441749131017,-6.345935627986854e-5,-6.300224048837177e-5,-0.00019930805299728238,-6.235620524926155e-5,-3.668931227168715e-5,-0.00014923354778698106,-7.474399256798825e-5,-8.551850217301815e-5,-0.00015580413398068316,-5.8013403757259385e-5,-8.276592758763024e-5,-0.00015261723553212925,-4.2123230833010505e-5,-4.97163086422836e-5,-0.0001192788585007154,-5.3185998573693216e-5,-8.958720517419916e-5,-0.00012538055049500507,-2.996421395129456e-5,-6.993255101316043e-5,-0.00011394111978137167,-3.368787400116757e-5,-7.594860971436856e-5,-0.00010073772273969106,-2.8273018216742885e-5,-8.918514095801466e-5,-0.00010069304808166257,-1.8570393111150274e-5,-8.142422115638148e-5,-8.882697868903278e-5,-2.347098046376339e-5,-0.00010238767052406228,-8.52593841895663e-5
-0.0008409514832090695,-0.0009529474357432011,-1.6909417682786643e-5,-0.0008081443614767619,-0.00118901368982878,-8.871842035974853e-5,-0.0009061334891475176,-0.0016587757912108342,-0.00032565967068763635,-0.0012922251035782095,-0.002778564280253998,-0.0011185108276706435,-0.0031433519591806264,-0.00620641342027449,-0.0035841713809314085,-0.0212799683560065,-0.07611504377695771,0.22449261014910887,-0.06977753691474335,-0.018171539199073786,-0.0023115678272049717,-0.0038896627833774067,-0.0021177111251298175,-0.0006673240811636699,-0.0011872651284775548,-0.0006412121998077697,-0.0003284471367250019,-0.0005439429518836608,-0.00026831597035970045,-0.0001863595529243145,-0.00028461998173608116,-0.00013531903239027976,-0.0001304800568504294,-0.00017382294363733897,-8.821316753199193e-5,-0.00010975683975983364,-0.00010962384278305481,-3.806010743294397e-5,-6.361548857658494e-5,-7.417910864553068e-5,-4.4872404379989184e-5,-6.951207159817951e-5,-5.6761758346554614e-5,-3.338545423817174e-5,-5.9422897390304374e-5,-3.8240729782368366e-5,-1.2700930380679654e-5,-3.9899456938816136e-5,-2.818987714867105e-5,-8.480664333732069e-6,-3.051716544541505e-5,-2.4878427401023306e-5,-1.7767558657788562e-5,-3.444139463205931e-5,-1.9822852803594304e-5,-1.5550935193966997e-5,-3.232462785125734e-5,-1.4221934765829003e-5,-8.770921767625728e-6,-2.4845729117164983e-5,-1.3858170623520794e-5,-1.6972546487706297e-5,-2.7332823147943608e-5,-8.762198911715924e-6,-1.2724592524340772e-5,-2.392963788329372e-5,-8.120147326151628e-6,-1.4439937397955904e-5,-2.158922260089846e-5,-6.510619864466549e-6,-1.7224736342760782e-5,-2.1149903788125757e-5,-4.0290256444613926e-6,-1.5983831230206857e-5,-1.850585214487055e-5,-4.806993625441902e-6,-2.056402289274395e-5,-1.7419790097672472e-5
-0.00043569901840374847,-0.000568431769589331,-4.0664267102738516e-5,-0.0003231585183326863,-0.0007483354335427184,-0.00018575516164023864,-0.0002417764234844827,-0.0010203017257040953,-0.0005635148986755517,-0.00024823077744833,-0.0015743540130657013,-0.0015095284981598567,-0.0007767695600975483,-0.003402925985570293,-0.004466894361958226,-0.0029086763826700474,-0.021404309646266842,-0.06977753691474335,0.22031549578404108,-0.06923949975614833,-0.021014352211181683,-0.0028494933921319188,-0.00417744632124066,-0.002988167272986064,-0.0006996045589326427,-0.0013766891115638558,-0.0011970992725522378,-0.0003427702569993585,-0.0006872907362243524,-0.0006313441064885322,-0.00017535506856049266,-0.00039693044722803605,-0.0004008305876332108,-0.00016286813395628708,-0.0003429096263618675,-0.00030130491763352696,-4.339347995339915e-5,-0.0001601128944923591,-0.00020618175840660113,-8.672465608826341e-5,-0.00018534873329222046,-0.00018117228222458426,-6.544470005762082e-5,-0.00016652318102439168,-0.0001631302109913746,-1.7596754188622943e-5,-8.924876956351024e-5,-0.00013282777892387188,-1.682694134320928e-5,-5.2570723363759564e-5,-0.00010593199936589914,-4.112187586696736e-5,-7.918959048761054e-5,-0.00010387921205505524,-3.3349984135719324e-5,-7.558416828461201e-5,-9.868313427202624e-5,-1.887607168141181e-5,-4.678889236296724e-5,-7.933865021120257e-5,-3.2401864069817043e-5,-6.994567128042195e-5,-7.998351880031396e-5,-1.7335365209938947e-5,-5.54062410987044e-5,-7.303258802626722e-5,-2.009665995310328e-5,-5.619335792961255e-5,-6.487916852561393e-5,-1.8783239991632117e-5,-6.368718169479093e-5,-6.454902038234567e-5,-1.1876638084357127e-5,-5.6789365082077214e-5,-5.8073678711537124e-5,-1.5918673375608927e-5,-6.931842897603402e-5,-5.655954594593199e-5
-8.789197022197881e-5,-8.717844801658936e-5,-1.4672388104319811e-5,-0.00011280906370657318,-0.00010502517099204856,-6.610456071186321e-5,-0.00019722817699485695,-0.00014971544863470743,-0.0002006395981995479,-0.0004153919233227249,-0.0002911340904563908,-0.0005669704753322874,-0.001097131539794849,-0.0007489885739285079,-0.002091980225860754,-0.0036981397077518324,-0.0023025633789329897,-0.018171539199073786,-0.06923949975614833,0.2241042331564993,-0.07559967161806917,-0.021469111739880392,-0.003406243077578558,-0.005727687935383682,-0.003027313836900164,-0.0009702219662311995,-0.0022069807434164784,-0.001192033983138524,-0.0005432300645182991,-0.0012256331680080973,-0.000595630012633408,-0.00033449449577441226,-0.0007779493938729065,-0.0004002884954760616,-0.00038216994153940365,-0.0006691127694436749,-0.0002124455557002275,-0.00012683332939467107,-0.0004029292198946127,-0.00020384420209490495,-0.00023669780225564485,-0.00038606744271732496,-0.00014862234391485596,-0.00021604861120361196,-0.0003604217443704677,-8.460349712324788e-5,-9.228923009102497e-5,-0.0002737754769445433,-8.103432387458753e-5,-5.28059247654894e-5,-0.00020475441570173836,-0.00010021030377496687,-0.00011804050619015904,-0.00021114426054483215,-7.821047715229901e-5,-0.00011414623488197051,-0.00020450290249941772,-5.491912903783647e-5,-6.819741176716798e-5,-0.00015953285255596028,-7.035594418612623e-5,-0.00012059263873892556,-0.0001667416933152921,-3.974561706980573e-5,-9.419410405273054e-5,-0.00015081126330296346,-4.412709152362693e-5,-0.00010145322593449468,-0.00013343882270701324,-3.759951558712782e-5,-0.0001186899876521319,-0.00013286106979268353,-2.4419708661585493e-5,-0.00010806084306465291,-0.00011739073328888294,-3.110772476125345e-5,-0.00013551599420735805,-0.00011267304214845897
-0.0005012158073941786,-0.0005580077490336122,-6.128159668258859e-6,-0.00048319660743852133,-0.0006754424020594535,-3.446146062756339e-5,-0.0005235696705328946,-0.0008890492078371393,-0.00012504079768198284,-0.000647020311316332,-0.001318753166419731,-0.00040420153317656526,-0.001124942142427407,-0.002136753043134196,-0.0010011724832270086,-0.0031154520302117267,-0.005031938047115714,-0.0023115678272049717,-0.021014352211181683,-0.07559967161806917,0.22562565336759807,-0.07070214100044808,-0.01886061478613192,-0.003496416245762232,-0.004357717614458884,-0.002156644758737128,-0.0009787197565486183,-0.0013694226315774105,-0.0007389425066916394,-0.0005579733394033004,-0.0006507798616162963,-0.0003231225497790924,-0.000325050884951647,-0.00035907174774026107,-0.0002245118257254014,-0.0002859769134987006,-0.00021870277302971086,-8.890858774598942e-5,-0.0001629866142744546,-0.00015121408935743486,-0.00010643726541866017,-0.00015939102500478475,-0.00010659845559450598,-8.538646112901671e-5,-0.0001452421484080535,-7.111433729278804e-5,-3.667228462889138e-5,-0.00010545712195521306,-5.714844240829742e-5,-2.2885925863747048e-5,-7.822695808570868e-5,-5.3237950612516904e-5,-4.506254538694243e-5,-8.24730070053542e-5,-4.0028852065207565e-5,-4.1203893593216856e-5,-8.033594085078699e-5,-2.9686613616533575e-5,-2.4253322214867756e-5,-6.216315379765913e-5,-3.1661125432416726e-5,-4.434769512222381e-5,-6.616856228450207e-5,-1.8594844661920518e-5,-3.402921784853574e-5,-5.9641808451763034e-5,-1.9206107195302025e-5,-3.764929463222211e-5,-5.2809226829042544e-5,-1.533949333369644e-5,-4.4597492363726565e-5,-5.2583642895870364e-5,-9.933050721278036e-6,-4.1035880464307395e-5,-4.6062130775542665e-5,-1.2054188440524527e-5,-5.2217739843346545e-5,-4.3861398145675357e-5
-0.00033312713738176125,-0.0004146367644904947,-2.1870688357447654e-5,-0.00026344664897061387,-0.0005212214998779052,-9.773546069592742e-5,-0.00021198344784224832,-0.0006630700542403639,-0.0002752002492841521,-0.00018559324130076882,-0.0008890499073918312,-0.000658258028425382,-0.0003440667943208908,-0.0013351513800929776,-0.001419620094869803,-0.0009885945045432498,-0.003224471606433868,-0.0038896627833774067,-0.0028494933921319188,-0.021469111739880392,-0.07070214100044808,0.22351524226370595,-0.07047592955073856,-0.021136497956166747,-0.0033390054640203004,-0.004337198522858757,-0.002973453368120854,-0.0007886948458308424,-0.001399938644631768,-0.0012392338218124993,-0.0004293957214723809,-0.0006882598995536365,-0.0006328109942412563,-0.0002567310903429376,-0.0004946856070448674,-0.00046064795531830516,-0.00010847465632174424,-0.00022838578595094083,-0.00029122236910904264,-0.00013357993618610953,-0.00023899793964171634,-0.00023690230017631153,-8.506864808888182e-5,-0.00020330927245150454,-0.0002159396943190034,-3.3021283734058215e-5,-0.0001087257300561445,-0.0001754745316381312,-3.4486307861653076e-5,-6.48973483250298e-5,-0.00013479504993241243,-5.6557728312103817e-5,-9.519407783466216e-5,-0.00012867852098036314,-4.148718299588905e-5,-8.916158640702443e-5,-0.00012460820423257357,-2.6903177331658035e-5,-5.556373872586673e-5,-9.926052774371363e-5,-4.1612779952085455e-5,-8.432078683767719e-5,-9.955282226788154e-5,-2.1550313176688096e-5,-6.643381528771697e-5,-9.18740374618171e-5,-2.607723044398269e-5,-6.826292001650691e-5,-8.064411350368339e-5,-2.2955126262602654e-5,-7.783764037644358e-5,-8.091544745167378e-5,-1.5012813816647763e-5,-6.975034841502636e-5,-7.220347773219393e-5,-1.9596410156849653e-5,-8.570551046518937e-5,-7.025120520417344e-5
