x1,x2,x3,x4,x5,x6,x7,x8,x9,x10,x11,x12,x13,x14,x15,x16,x17,x18,x19,x20,x21,x22,x23,x24,x25,x26,x27,x28,x29,x30,x31,x32,x33,x34,x35,x36,x37,x38,x39,x40,x41,x42,x43,x44,x45,x46,x47,x48,x49,x50,x51,x52,x53,x54,x55,x56,x57,x58,x59,x60,x61,x62,x63,x64,x65,x66,x67,x68,x69,x70,x71,x72,x73,x74,x75,x76,x77,x78
0.04400528237924557,0.00045539784837017,0.0040762644681428106,0.010931720139404213,0.014305605563856353,0.01240041309895222,0.012032191206090689,0.01374506368084361,0.012688078423121809,0.010678346412891013,0.010487381819157088,0.009399580257900522,0.00659408086130384,0.004573670807233551,0.003909184555245019,0.0037353839324377543,0.003636074658606989,0.0037627013740508066,0.004790960521126934,0.005940410855822269,0.004870646315941946,0.0014466733309216897,-0.0014248770722283326,-0.0012045035530808738,0.0015871111312124144,0.0037723698813122036,0.0026298941448486043,-0.0011590122555108846,-0.004093457423271263,-0.003587525824646676,-0.0007104723733017236,0.0012254754128209022,0.00015706025750204558,-0.0029817035734870565,-0.005409786662654454,-0.005676419422679835,-0.005003020703495218,-0.004580920587595989,-0.004093654207355666,-0.003459296815520092,-0.0034090121868378216,-0.004656542630747378,-0.007015244635782912,-0.008966377124040376,-0.009738250261037692,-0.0104846118892838,-0.011070085370408838,-0.010012285170677825,-0.008103103922613096,-0.006796656797422065,-0.005609413215739532,-0.004183518127094092,-0.0033332722482648154,-0.003756954132505669,-0.005272781725001086,-0.0063534212756450005,-0.0057982622464905105,-0.004601496415130704,-0.0038411582671321882,-0.003038864860235645,-0.0019850757468723567,-0.0014975763298651144,-0.002459231814233519,-0.00463194954099165,-0.005713247534377956,-0.003728462203152333,-0.0002598364515074013,0.0013431708427769427,-0.0003682769850386387,-0.00373926749352284,-0.005143626862192745,-0.0027684696367001067,0.000894857920574489,0.0022420828949784957,0.0001933957309520388,-0.0034486294154200893,-0.00499464224094992,-0.0023462754959012234
0.00045539784837017,0.09542821559823793,0.004607897088447151,0.02050755752606586,0.032226189736193886,0.028983579874566713,0.02628272411726873,0.030039347860736743,0.028599579195441774,0.02373076465271995,0.022947130530479858,0.020993740026160886,0.014932126953061868,0.01018747695142133,0.008568810366901767,0.008176401447637989,0.00796885801126581,0.008158775248792502,0.010255971414548095,0.01286200684311078,0.010858250178035118,0.003539622575131757,-0.0029270035085198274,-0.0027779850709239652,0.003175421259392487,0.008126058198093639,0.0059417143687693855,-0.002206272082012509,-0.008781057965973098,-0.007936693587872006,-0.0017414782291594291,0.0026258357295352594,0.0005013184064902401,-0.0062657291427586055,-0.0116493886672503,-0.012340672280535979,-0.010890773579150019,-0.00996200421964419,-0.00891452775425727,-0.007529343419492942,-0.007376857818183428,-0.010025026746363025,-0.015124157184259152,-0.019406284337726263,-0.021110525447107013,-0.022714910340606062,-0.024019320479148596,-0.021780682315091202,-0.0176324941892027,-0.014777215725783369,-0.012208766100168555,-0.009112278510406446,-0.007240273681263402,-0.008125038003497094,-0.011402316932439377,-0.013778025469439301,-0.012603592257910102,-0.009999937337858558,-0.008341123113509999,-0.006609037362075781,-0.004325778018059553,-0.0032525810976408672,-0.005312737704004319,-0.010019260632415594,-0.01239665325982114,-0.008124983328141185,-0.0005958004324621551,0.0029135766865878354,-0.0007743714211769,-0.008092310818112146,-0.011166419213310921,-0.006029717961770965,0.0019278692547874906,0.004868322486778001,0.00043016081367024963,-0.007478950131226658,-0.010843939094128728,-0.005096405276840175
0.0040762644681428106,0.004607897088447151,0.08334399172646036,0.009247958687012538,0.025498471650902632,0.027564767643102957,0.02375274629818511,0.026052391901520932,0.02587672803216357,0.021477529831459605,0.02019411610258078,0.018820121546506578,0.013694872146780038,0.009208064244315767,0.007571612718281434,0.007198580363445435,0.007031454646129462,0.007137846233050253,0.00883155730995122,0.011177184585917925,0.009733586958772895,0.0034875584611162263,-0.002363209867839332,-0.0025621332558138075,0.002506353698724447,0.007012983741685111,0.0053997030549713994,-0.0016211437120183326,-0.007551500693877077,-0.007068840101145779,-0.0017214029948084482,0.00224697348131173,0.0005848466729465011,-0.005272740525741604,-0.010082441218725936,-0.01080063329919771,-0.009549166551338622,-0.008724247448186815,-0.00781850410221943,-0.006601727070814295,-0.006427745302543457,-0.008683805360106198,-0.013117168416286754,-0.01690380532053102,-0.018423606153649706,-0.01981036169940547,-0.020980578166223694,-0.019081153262919207,-0.015453623743135648,-0.012938399398493755,-0.010701640511087343,-0.007994917422532895,-0.0063336506555297465,-0.007072803126641462,-0.009923414118306315,-0.012028344856708735,-0.01103241740344168,-0.008751555934287714,-0.007293125110554556,-0.0057883005923244,-0.00379718805143499,-0.00284500173798175,-0.00461897741158539,-0.008722403998765869,-0.010829290449470574,-0.007131887591880902,-0.00055194910842553,0.002544158119096634,-0.0006525082574909259,-0.0070486985400758624,-0.009760488161209963,-0.005289722202571925,0.001670641327494909,0.0042562961729221555,0.0003860729960233474,-0.006529821367496548,-0.009479711974679445,-0.00445757565991548
0.010931720139404213,0.02050755752606586,0.009247958687012538,0.07014227864674326,0.007411414988138999,0.016473754885289092,0.01980676336003863,0.021476131393410102,0.02028807896342833,0.01751831377400227,0.01680094676002014,0.015180337190333156,0.010930213158676462,0.007516927188856292,0.006272228737576977,0.005960792661114998,0.005813486431909696,0.005988353103306233,0.007532736911774316,0.009397423576389854,0.007917489603557988,0.0025967504610530474,-0.002108234492000163,-0.0020070047397193072,0.002321000311615769,0.005923817789161126,0.004331295099631235,-0.0016120831099382985,-0.006414951246845167,-0.005806531281014921,-0.00128593218051574,0.0019067680857822941,0.00035598497296561313,-0.00459306704085461,-0.008536182161809855,-0.009049992944647756,-0.007991957065726956,-0.007309121524290534,-0.006540376303535286,-0.005526597249517893,-0.005416351276978682,-0.007358484283378307,-0.011095702738960168,-0.014235974584015206,-0.015489695595545507,-0.01666653825316069,-0.017620699252785667,-0.015980265870798264,-0.012939030002862794,-0.010842714856771926,-0.00895776369618942,-0.006687003469765306,-0.00531390910172692,-0.005962455189776166,-0.008365644899993594,-0.010108338751187062,-0.009247911099456498,-0.007337976149375101,-0.0061200628346321775,-0.004849081081478672,-0.0031743777898858697,-0.0023872583493441536,-0.003898441993460482,-0.007350873555758759,-0.00909514175890757,-0.005961811891833066,-0.00043798753830445383,0.0021373156591251775,-0.0005679585892443941,-0.005937081629290561,-0.008193051909830858,-0.00442458380294374,0.0014141901426657098,0.003572038235469479,0.00031580717058678757,-0.005487468239918457,-0.007956686671056068,-0.003739517566073244
0.014305605563856353,0.032226189736193886,0.025498471650902632,0.007411414988138999,0.08500425269517412,0.005821964502660542,0.01835441698812436,0.0266532927575012,0.024407460777577807,0.02019881649415787,0.02023058233192307,0.018386826379807313,0.01286183656428736,0.008823997935162184,0.0075126267978328975,0.007183902768167374,0.0069918685908547185,0.007183105315521603,0.009120706904709047,0.01144708839681191,0.009573466799174268,0.003010355489991047,-0.0026813235127565466,-0.0024445280812636187,0.002894452839650859,0.007244837053470085,0.0052167916138101764,-0.0020531970086274886,-0.0078403134984916,-0.007013626788157371,-0.0014884877205653367,0.0023483795642885584,0.00040560814663744883,-0.005621489335841818,-0.010372921854271432,-0.010952464056519137,-0.009658961827103478,-0.008838295940997134,-0.00790613676488374,-0.006678339345833673,-0.006554215824080771,-0.008921147517125297,-0.013454987362210461,-0.01724455262624562,-0.01874801871870297,-0.02017632572236814,-0.021326762276081445,-0.01932333089675332,-0.015640729806461234,-0.013111703436629497,-0.010829684079270015,-0.00808089443266674,-0.006425886620918985,-0.00722065342847397,-0.010134043287065696,-0.012235494595182637,-0.011184292535843951,-0.008874056234868997,-0.007403889330586403,-0.0058639313079629175,-0.0038358015457883752,-0.002886875571823226,-0.004722910741049168,-0.008903910632225547,-0.011006663563534674,-0.007204678381574329,-0.0005204091537348484,0.0025872208974687537,-0.0006940004603687904,-0.007190473341402805,-0.009912748513144732,-0.005347535545012161,0.0017153601261609677,0.00432148472886666,0.0003791332855423972,-0.006641273470065335,-0.009626124941000548,-0.00452342704889052
0.01240041309895222,0.028983579874566713,0.027564767643102957,0.016473754885289092,0.005821964502660542,0.08340626822419629,0.007870659805036281,0.022544253266440113,0.02570313824476266,0.02072135621259233,0.019631484432569016,0.01861947106830407,0.013414327458523553,0.008912500809296788,0.0073716573162208865,0.007033697980452701,0.006873092141777088,0.006999232258162435,0.008727765620568316,0.011109627880918791,0.00967971289192159,0.0034382094118917917,-0.0023953005427974922,-0.0025789822027245048,0.0024835208100427927,0.006974148646852025,0.005363547024087391,-0.0016265528055260847,-0.007522115524957096,-0.007031616239642974,-0.001706273185672297,0.0022385228634408507,0.0005799937724811976,-0.005247585712041111,-0.01002698520262149,-0.010734110311220863,-0.009485705906043303,-0.008666086076102062,-0.007767226899734274,-0.006559161648157347,-0.006387399156024006,-0.008630008883891016,-0.013036235003046463,-0.016798054135241613,-0.018305455119787928,-0.01968268275292546,-0.020845742932487248,-0.018956727578521706,-0.015351452980919483,-0.012853385183828047,-0.010631571227492444,-0.007942423798568021,-0.006292485031130458,-0.007027676790522905,-0.009860589908779355,-0.011951617250225649,-0.01096092543350164,-0.008694378325859897,-0.007245704007695674,-0.005750679623182934,-0.0037724213146273305,-0.002826624235118244,-0.004589593787427523,-0.008666821708477764,-0.010759609185220459,-0.007085198158077024,-0.0005475902385905876,0.0025278955656383418,-0.0006487994781847938,-0.00700377711031066,-0.009697508706983967,-0.005255119861647113,0.001660208538821826,0.004228790582071451,0.0003833433113285969,-0.0064878102091527135,-0.00941843270745195,-0.004428702060826912
0.012032191206090689,0.02628272411726873,0.02375274629818511,0.01980676336003863,0.01835441698812436,0.007870659805036281,0.07439617944733072,0.0072994132459986176,0.016765037176205005,0.018107211274299012,0.017019184744630447,0.015247269182338848,0.011146264780400641,0.007575601261354602,0.006222383839355715,0.005887736107234658,0.0057397103222796295,0.006011411805593693,0.007703554406715274,0.009694035972699811,0.008237956980683237,0.0027646651780624024,-0.0021614887543633184,-0.0021458228724478123,0.0022949699618869104,0.00607160530488688,0.004512992358348021,-0.0015984782786441223,-0.006616056698735257,-0.006061117178859504,-0.0014042080011501454,0.0019440360113378002,0.0003942166614073465,-0.004716590560480172,-0.008834069423870886,-0.00940100675182249,-0.008306590295238175,-0.007590998830814761,-0.006797445738414142,-0.005748671892618944,-0.0056259035612707484,-0.007624617972316146,-0.011494203419801275,-0.014765309698622026,-0.016076555283054322,-0.017292117989654434,-0.018288625135555563,-0.016602983918291254,-0.013446106110175673,-0.011263005317310707,-0.00930871635244024,-0.0069529493836683045,-0.005521127811120157,-0.006184243237638002,-0.008674298954077614,-0.010491569855587555,-0.009607528229268861,-0.0076226171683126415,-0.006354731237003863,-0.005037942842130949,-0.003301425332298655,-0.002480576659908453,-0.004041387669302069,-0.0076220746567005684,-0.009441321336771768,-0.006199162506649741,-0.00046447187316133283,0.002218062975990257,-0.0005825993830487114,-0.006157263230272587,-0.008507205595063305,-0.004600139264526807,0.001463949194707372,0.003709281102513798,0.00033096055428476445,-0.005695718908735604,-0.008262287153264854,-0.003883859300823361
0.01374506368084361,0.030039347860736743,0.026052391901520932,0.021476131393410102,0.0266532927575012,0.022544253266440113,0.0072994132459986176,0.08239151949562022,0.005023104615644006,0.013723553594824519,0.018419926560948163,0.016262456225080688,0.01083505418385866,0.007386561772326145,0.0063589277765384224,0.006076979745785575,0.005870874586625327,0.0061908107384830375,0.008301489527794921,0.010651459609703309,0.008875480151163715,0.002679700220625589,-0.002635748014596683,-0.0023668992923518016,0.0026490948180732644,0.00670116269066253,0.00479669007381489,-0.0019703519551042396,-0.00733526992848883,-0.006541203426997781,-0.001390458970025717,0.0021723403665522053,0.0003506994260812422,-0.005267298091504703,-0.00968651765382519,-0.01021413583489988,-0.008999969702291983,-0.008231737424479711,-0.007366031965027409,-0.006230043339744363,-0.006120811532464643,-0.008328132739718722,-0.012551962196562249,-0.016080159947247194,-0.017477658221398948,-0.018806334306377064,-0.019875584191565578,-0.018005889066680405,-0.014573418299345272,-0.01221687110848617,-0.010091141284035298,-0.007531811065358522,-0.005991684335337724,-0.006733311590820784,-0.009448550953056191,-0.011406236664423417,-0.010425056091776339,-0.008270654482450268,-0.0068998236653774764,-0.005464904008847154,-0.003575840972491382,-0.002692403691834864,-0.004403710200247372,-0.008299894196736015,-0.010258818241794943,-0.006714633381183747,-0.00048472440708518215,0.0024112184295288176,-0.0006475076280181544,-0.0067027081122447915,-0.00923972134926325,-0.004984206001453004,0.0015990602881989873,0.004028017681270804,0.0003532037990043689,-0.006190534372906434,-0.008972615896092067,-0.004216300682640707
0.012688078423121809,0.028599579195441774,0.02587672803216357,0.02028807896342833,0.024407460777577807,0.02570313824476266,0.016765037176205005,0.005023104615644006,0.08388210797010301,0.004922924387458609,0.01482851709826028,0.01704707368346092,0.011451105781239122,0.006988415506177385,0.005819155281233995,0.005576625099617754,0.005441839799867666,0.00576478008468108,0.0077733714575925,0.010385842153365602,0.009179862147020636,0.0032064791310582163,-0.002435893922287474,-0.002671681212571582,0.0021360080858109907,0.00646475609319273,0.005045538835633254,-0.001504083824410278,-0.007095719173240057,-0.00668713008443574,-0.0016801042935148073,0.0020764811834134895,0.0005659021974252285,-0.004906482899238177,-0.00942913918616843,-0.010107478986656563,-0.008917314449293346,-0.008137420243549949,-0.007302979860670853,-0.006177645545131012,-0.006010887573964495,-0.00809969788918648,-0.01223177385237525,-0.01577734016571318,-0.01719440117810916,-0.01847780582218753,-0.01957901135502004,-0.017818503747935952,-0.014427635960927897,-0.012076144480994106,-0.00999442816787999,-0.007471243713318491,-0.005916032828094181,-0.0065969991280380984,-0.009254836861700201,-0.01122801738477527,-0.01030411765199089,-0.008170466461524356,-0.006806400848408722,-0.005405839108683459,-0.003550395223355303,-0.002658333668228544,-0.004305902505809902,-0.008132526535588654,-0.01010707767488838,-0.006665601757330489,-0.0005236930639939226,0.002374204904828705,-0.0006025570343000088,-0.006573416660296664,-0.009111691061366776,-0.004943307371845967,0.0015555982342579503,0.003973507014737243,0.00036310647844817835,-0.00609362600413924,-0.00884968044507576,-0.004161941169013097
0.010678346412891013,0.02373076465271995,0.021477529831459605,0.01751831377400227,0.02019881649415787,0.02072135621259233,0.018107211274299012,0.013723553594824519,0.004922924387458609,0.07740253628046696,0.004263806906884093,0.00989266214007854,0.008287317669814451,0.004793213357719097,0.003604627656001602,0.003217566250479527,0.0030794261720808558,0.0038987992086893506,0.00613048671638546,0.00844439321054754,0.00748503399702218,0.002608147209013773,-0.002064621571066002,-0.0023371650772360582,0.0015508191680853175,0.005122441761424123,0.004059084433624997,-0.0012326639919575785,-0.0058359813525190535,-0.005573045848704965,-0.0014983715221215043,0.0016169167082812823,0.00041840105865112117,-0.004079390111578077,-0.00784048594992395,-0.008433089887925568,-0.00744346566551203,-0.006777381071982605,-0.006090493122641584,-0.005174889356462297,-0.0050428336983423866,-0.006769868282732528,-0.010192986045640192,-0.013147696422762228,-0.014339617500651245,-0.015399353405536683,-0.016309159638600662,-0.014856455534471182,-0.012035636801108784,-0.010067340045292032,-0.008334615869927392,-0.006239524779288524,-0.00494312196137804,-0.0055032230711422854,-0.00771152923808154,-0.00935964366569798,-0.008597155745382,-0.0068162586407098874,-0.005673627983656557,-0.0045082210897068676,-0.0029662273302004374,-0.002222285719794103,-0.0035892657542088745,-0.006773689119706743,-0.008423966866216484,-0.005563813071702211,-0.0004450067876531937,0.0019772766683682596,-0.0004979578787173068,-0.005475794258581484,-0.007597947767942921,-0.004126867262090517,0.0012935005740937447,0.003313588666003192,0.00030506725852167305,-0.005080053666411657,-0.007380544347175736,-0.003471595926500734
0.010487381819157088,0.022947130530479858,0.02019411610258078,0.01680094676002014,0.02023058233192307,0.019631484432569016,0.017019184744630447,0.018419926560948163,0.01482851709826028,0.004263806906884093,0.0822326417841476,0.0011572964563855122,0.001962571044515409,0.0013620248438847634,0.0014060110726576852,0.0011698906306116098,0.0007081795068433661,0.0018203675703766453,0.005062364422164157,0.007938607089525908,0.00683604420432122,0.0018872461169412182,-0.0024764604620048656,-0.0024041369169686697,0.001484649214259103,0.00475496331789245,0.0035236299376644547,-0.001519403350882094,-0.005670144761843917,-0.00518612455412282,-0.0012855505740568566,0.0015230811629708073,0.00023768905731811818,-0.004042385724918593,-0.0074938075655277825,-0.007937225403254207,-0.006965502990432581,-0.0063377000305771276,-0.005693755237903676,-0.004858076743856043,-0.004775950711139201,-0.006438501275584526,-0.009666720589219068,-0.012404987203421765,-0.013490916718219403,-0.014488806200039455,-0.015319243454113453,-0.013910424977652292,-0.01125994480912365,-0.009427220814672822,-0.0077989535567801445,-0.005838019090646807,-0.0046426466351309915,-0.005192859616153955,-0.007276004034556839,-0.008803635301867464,-0.008063445177556385,-0.006390881655689352,-0.005322668322390842,-0.004223986753120145,-0.002776189361835554,-0.002088951557072284,-0.003389500850791362,-0.006384701164405558,-0.007913681377319931,-0.005203342351548176,-0.0003966517448242563,0.001857911620836805,-0.00048465176586560835,-0.005158987154803591,-0.00713478429767155,-0.0038622000712645994,0.0012244518851759758,0.0031108048173495643,0.00027950265928841384,-0.004775471630260033,-0.006929814672522762,-0.0032579864889701214
0.009399580257900522,0.020993740026160886,0.018820121546506578,0.015180337190333156,0.018386826379807313,0.01861947106830407,0.015247269182338848,0.016262456225080688,0.01704707368346092,0.00989266214007854,0.0011572964563855122,0.08530077371780957,-0.001772953740918794,-0.002023140630080423,-0.001000349680461882,-0.0004997181667211668,-0.00078348609834731,9.96210361707153e-5,0.00344099508341497,0.0070786365399850915,0.006844642840730509,0.002244798282639672,-0.0023421505312713133,-0.0027367466767122626,0.0008624222134146652,0.004277584225766157,0.003522756558560658,-0.0011097844218510484,-0.005248978733374678,-0.005085775648678692,-0.0014688493177924774,0.0013696312935528483,0.00039862144224724836,-0.0035578637808986032,-0.006922784674826334,-0.007450057578228137,-0.006526048791824532,-0.005914061212512474,-0.005332757221926977,-0.004556319634227584,-0.004435728279009122,-0.005911615829822937,-0.008893013047965614,-0.011499198005988727,-0.012534897923885693,-0.013436969152140262,-0.014250980110112573,-0.013004994605907694,-0.010527137386602532,-0.008798677697480085,-0.007296866534847914,-0.005472785912465279,-0.004330707006365215,-0.004801851802639104,-0.006726670348868078,-0.008185613968966424,-0.007530420973774467,-0.0059627428545679356,-0.004957650158974903,-0.003947450317559349,-0.0026062538227524866,-0.0019492036645155791,-0.0031266690256322714,-0.005903003580897708,-0.007362610154068559,-0.0048825910880220084,-0.0004070573335713636,0.0017275528627468705,-0.00042155397007916974,-0.004774844490517921,-0.0066452155631713415,-0.0036204337530980836,0.001122801207992703,0.0028983326543591858,0.00027253556600657485,-0.004438435289379968,-0.006455208614815018,-0.003037660872634558
0.00659408086130384,0.014932126953061868,0.013694872146780038,0.010930213158676462,0.01286183656428736,0.013414327458523553,0.011146264780400641,0.01083505418385866,0.011451105781239122,0.008287317669814451,0.001962571044515409,-0.001772953740918794,0.08160328037398472,-0.0028508063716086774,-0.003991388878710155,-0.004432846052508742,-0.004031356216984919,-0.002125586336464857,0.0011441979450330477,0.0044087618199086425,0.005003119740605003,0.002074529291545137,-0.0014963334998566826,-0.002318741842081001,-1.2339482578808475e-5,0.00265764632629354,0.0025932227148239406,-0.00048547844025123517,-0.0036486342500575194,-0.0038872852265239067,-0.0014130711844589593,0.0008115655641884929,0.0003703902607438086,-0.0024028049029448956,-0.004967961283795557,-0.0054911265841051365,-0.004817214912874819,-0.004331675125762106,-0.003929118829802286,-0.003384945033115852,-0.0032659761399831066,-0.004269550348282006,-0.006402146987359518,-0.00835115486683656,-0.009145909447318083,-0.00977425385791711,-0.010390647072200524,-0.00955228349214375,-0.007742855576774931,-0.006451209322198925,-0.005366364667138262,-0.004043356552396022,-0.0031845671111851506,-0.003486790689018869,-0.004872360823124127,-0.005971109054045557,-0.005529859905355858,-0.004374724593781825,-0.003625213866942488,-0.0028988712228993413,-0.0019290413178207975,-0.0014346364051761062,-0.002261295385392949,-0.004274065619976554,-0.005374367220325013,-0.0036070154876646364,-0.00033768821507769767,0.0012583093342931938,-0.0002792917389322013,-0.003461954089853296,-0.004860629194545693,-0.002672398700419285,0.0008028892670494317,0.0021210673131183354,0.00021179713693080408,-0.003237667662290362,-0.004723793969553643,-0.002225828891643993
0.004573670807233551,0.01018747695142133,0.009208064244315767,0.007516927188856292,0.008823997935162184,0.008912500809296788,0.007575601261354602,0.007386561772326145,0.006988415506177385,0.004793213357719097,0.0013620248438847634,-0.002023140630080423,-0.0028508063716086774,0.08437721380702155,-0.004151217787968961,-0.008690857981527338,-0.010156051222487675,-0.006641362604710399,-0.0013906123041115765,0.002162095821316944,0.002783003712977842,0.0009316286173653598,-0.0012852960536223759,-0.0017421302580078665,-0.00029197956157079946,0.001323955990738039,0.0012808564809094068,-0.000580189070092632,-0.002489953174963263,-0.002586594941437684,-0.0010045071499873224,0.0003868476822686035,5.681944044245196e-5,-0.0017707208074164117,-0.0034354224840409506,-0.003738840384161097,-0.0032472854703117647,-0.002891597168726218,-0.0026318985482194457,-0.0023137308597135837,-0.0022740863194206464,-0.002960230498820163,-0.00437956426271695,-0.005666299960287271,-0.006188811728101226,-0.006598638802579139,-0.006986758865346043,-0.006408404386791646,-0.005194184301921359,-0.004325057553307726,-0.0035977843256014374,-0.0027226637611528575,-0.0021605663782524234,-0.002371746534276409,-0.003302660770555664,-0.0040330525782131844,-0.003727839897760312,-0.002945783493246678,-0.002437094264907193,-0.0019478840543635586,-0.0013013301105051706,-0.000976182328866225,-0.0015364207578666925,-0.0028882740889240475,-0.0036201360983308087,-0.0024235243969956692,-0.00022313344025022363,0.0008459213578561664,-0.00019461358799967033,-0.0023387018790155503,-0.003276619840534157,-0.001798315497496738,0.0005435120309681464,0.00142950223670522,0.00014073255372437448,-0.0021845412109650804,-0.0031850606347672145,-0.0015003829651364703
0.003909184555245019,0.008568810366901767,0.007571612718281434,0.006272228737576977,0.0075126267978328975,0.0073716573162208865,0.006222383839355715,0.0063589277765384224,0.005819155281233995,0.003604627656001602,0.0014060110726576852,-0.001000349680461882,-0.003991388878710155,-0.004151217787968961,0.08634518254041718,-0.0066464658853027875,-0.012769053265139049,-0.011323245424290288,-0.004608837915246963,0.0006202575248079334,0.0018667269541169536,0.00040989731693646264,-0.0013009018481980397,-0.0014552401346473872,-0.00015424098941269168,0.0010062925234362572,0.0007282453917098345,-0.0008235295963009763,-0.0021877841908697696,-0.0020474425618951606,-0.0007003271170696944,0.0003193700636172713,-9.31338742897432e-5,-0.0016290428439536145,-0.0029244039934344388,-0.003089251093202141,-0.0026540622493252206,-0.0023503384178350938,-0.0021270903523792494,-0.0018844803476618644,-0.001894188232109059,-0.002496584575952145,-0.0036697564491981038,-0.004692497213695852,-0.005095765972820158,-0.005434155733489617,-0.00572877872851065,-0.005216679964460613,-0.00422164281385044,-0.003521628826073275,-0.0029227177372405573,-0.002210821938832125,-0.001770327379345719,-0.0019652197614974448,-0.002735535454351392,-0.003316116151422486,-0.003046107501221227,-0.00240600974825551,-0.0019927704263729942,-0.0015871966736077346,-0.0010573228528837038,-0.0008013706486212941,-0.0012758446441598341,-0.002387690370158845,-0.0029687501973716265,-0.001966759569012127,-0.00016420443687418599,0.0006939651713040046,-0.00017450230223529944,-0.0019309786554968966,-0.0026844557761112092,-0.0014618571716119644,0.00045387512765377954,0.0011704926172783317,0.00010919448195239764,-0.001794274821481678,-0.002608837855995336,-0.0012275467991602936
0.0037353839324377543,0.008176401447637989,0.007198580363445435,0.005960792661114998,0.007183902768167374,0.007033697980452701,0.005887736107234658,0.006076979745785575,0.005576625099617754,0.003217566250479527,0.0011698906306116098,-0.0004997181667211668,-0.004432846052508742,-0.008690857981527338,-0.0066464658853027875,0.0841821640703212,-0.007113270648470502,-0.010639698494757713,-0.006856476875601214,-0.0013917941666908532,0.0010812179463643126,0.0006097287802920079,-0.000665148443965131,-0.0008347445592647868,0.00030860529118220984,0.0012936415905495007,0.0008346651966811396,-0.0007779626326098696,-0.0020559156551945186,-0.0018270457222815143,-0.0004955666114735172,0.00043460093153225996,-3.254734854754323e-5,-0.0015195709878151275,-0.002725976356725384,-0.0028805069644028646,-0.0025105421907909383,-0.0022476351741613485,-0.002008628915041853,-0.0017397363287505179,-0.0017430897666722567,-0.0023410907979655366,-0.0034747310497237702,-0.004438761138151482,-0.0048222372466116435,-0.005164269376826855,-0.005444498768792607,-0.0049420205148968345,-0.004000642920626346,-0.00334457610509899,-0.0027671750309570414,-0.002080193585624894,-0.0016636377494150393,-0.0018598895253590343,-0.002597099662100393,-0.0031395511118013117,-0.0028766159697976115,-0.002277276493825399,-0.0018918256437042257,-0.0015016144825966667,-0.000991900577368395,-0.0007509821623396344,-0.0012118252565130117,-0.002273170311133192,-0.0028160497658761556,-0.0018536149025985826,-0.0001440204520105594,0.0006597163653701116,-0.00017247785359201628,-0.0018366220112055838,-0.0025417953121780927,-0.0013774110020806432,0.00043498085470512624,0.0011081542626879002,0.0001000908344766959,-0.0017012009800774707,-0.0024694433989899353,-0.0011611560220313193
0.003636074658606989,0.00796885801126581,0.007031454646129462,0.005813486431909696,0.0069918685908547185,0.006873092141777088,0.0057397103222796295,0.005870874586625327,0.005441839799867666,0.0030794261720808558,0.0007081795068433661,-0.00078348609834731,-0.004031356216984919,-0.010156051222487675,-0.012769053265139049,-0.007113270648470502,0.08599671715820663,-0.005102347725325794,-0.006417945485450602,-0.003717808583877158,-0.0008901217769334668,0.00017351220563753555,1.499433914050667e-5,3.3194922916017075e-5,0.000886728046678804,0.0016503729299145822,0.0010802645010720019,-0.0006065998519915909,-0.0019028273785903541,-0.0016646567523290118,-0.0003441213392850704,0.0005532520570610364,5.9968956971784814e-5,-0.0014110819040622346,-0.0025738341145520637,-0.0027300753179299304,-0.0024238441104196856,-0.002215400546512519,-0.001970671747245461,-0.0016615244507831165,-0.0016377884381520642,-0.0022339631336055705,-0.0033624314924416343,-0.004305688591939502,-0.004684298865117821,-0.005040611873721733,-0.005323431466061496,-0.004823782910772614,-0.003906663692287965,-0.003273610923569948,-0.002702399144962034,-0.002017619138765489,-0.0016064028526742078,-0.0018049668560941176,-0.002530633714185275,-0.003054834527758606,-0.002793965354084908,-0.002217357626336988,-0.0018486837080247558,-0.0014635766910557528,-0.000958065135303532,-0.0007220500157751632,-0.001180179184241762,-0.0022228782455417395,-0.0027476638457707174,-0.0017994492637810353,-0.00013109286315772777,0.0006454152853590576,-0.00017295362744380353,-0.0017948295424701016,-0.002475255615829498,-0.0013359835265606746,0.00042780522914989493,0.0010791226891015478,9.496544745140183e-5,-0.0016582788735361393,-0.0024039709248336017,-0.0011297384343259402
0.0037627013740508066,0.008158775248792502,0.007137846233050253,0.005988353103306233,0.007183105315521603,0.006999232258162435,0.006011411805593693,0.0061908107384830375,0.00576478008468108,0.0038987992086893506,0.0018203675703766453,9.96210361707153e-5,-0.002125586336464857,-0.006641362604710399,-0.011323245424290288,-0.010639698494757713,-0.005102347725325794,0.08507241723218541,-0.003818019403746778,-0.005295576729697285,-0.004384756694607701,-0.002611785030150436,-0.0009695308395667485,0.00030760377825500524,0.0013364216006836918,0.0017713556747821508,0.0009363374109052249,-0.0008044731317917577,-0.001976712202000438,-0.0015900290247446863,-0.0002421064006269533,0.0005664507623621103,-3.936473702214212e-5,-0.0015482168740108585,-0.0026505376051654157,-0.002735991583147633,-0.002419121348405292,-0.0022288485915627388,-0.0019925864426584335,-0.0016849276061215728,-0.0016721833519403224,-0.0022989175393944407,-0.0034494290983739764,-0.004380509337776363,-0.004752210628483844,-0.00512216401149471,-0.005391503278071479,-0.0048591703788227105,-0.003934618833175613,-0.0033036206680821284,-0.0027215715166435494,-0.0020285958824385717,-0.0016240631152184572,-0.001842364552576087,-0.0025834794310722743,-0.003097895715574594,-0.0028180736566912547,-0.0022383558512825566,-0.001870248294839157,-0.001475727784488838,-0.0009613360305835642,-0.0007296384004132667,-0.0012077965674811252,-0.0022688011174768776,-0.0027841512904447914,-0.0018048330314443066,-0.0001158369136255854,0.0006544328832449554,-0.00018849593014169303,-0.0018300445690437644,-0.002505064229838182,-0.0013415643778346364,0.0004409335692526849,0.0010916738296838711,9.057515585567372e-5,-0.0016825002351210656,-0.002432528685171435,-0.0011418867384517608
0.004790960521126934,0.010255971414548095,0.00883155730995122,0.007532736911774316,0.009120706904709047,0.008727765620568316,0.007703554406715274,0.008301489527794921,0.0077733714575925,0.00613048671638546,0.005062364422164157,0.00344099508341497,0.0011441979450330477,-0.0013906123041115765,-0.004608837915246963,-0.006856476875601214,-0.006417945485450602,-0.003818019403746778,0.0819270210747224,-0.004042924610163425,-0.007361362504733341,-0.008240696153071743,-0.005806148392474784,-0.0016700603332650244,0.001543100215428839,0.002384456248083609,0.0008167367060965249,-0.0017314686101802242,-0.003037548016210052,-0.0021089600207939135,-0.00017508444274762146,0.0007420383564809762,-0.0002546052007326439,-0.002270356876369793,-0.0035537202186395798,-0.0034710695914227283,-0.0029696169689757573,-0.0027071969145088253,-0.0024257402419724967,-0.0020908729181153174,-0.002127353113209258,-0.0029451377009417083,-0.004378069660260522,-0.005478225236525704,-0.005892890784761637,-0.006350833739347868,-0.0066518487999271915,-0.005940738868293165,-0.004799318300513259,-0.004040306628474202,-0.00332286237414887,-0.0024783283626883764,-0.0020062169519506606,-0.0023039960269565477,-0.0032293545015293344,-0.0038396120403351827,-0.0034646427927378406,-0.0027483128342093988,-0.002299794994640224,-0.0018091262477068204,-0.001176184064497565,-0.0009040880329030471,-0.00151314537655098,-0.0028269031432461107,-0.0034378693376086937,-0.0022010715779855468,-0.00011800127047610549,0.0008084003182267983,-0.00025288805772028265,-0.002277822732170511,-0.0030904784339340686,-0.0016396360759276375,0.000555514454014777,0.001345830557615785,0.00010347960695110639,-0.0020817827765958283,-0.0030001289696360116,-0.0014064419724545024
0.005940410855822269,0.01286200684311078,0.011177184585917925,0.009397423576389854,0.01144708839681191,0.011109627880918791,0.009694035972699811,0.010651459609703309,0.010385842153365602,0.00844439321054754,0.007938607089525908,0.0070786365399850915,0.0044087618199086425,0.002162095821316944,0.0006202575248079334,-0.0013917941666908532,-0.003717808583877158,-0.005295576729697285,-0.004042924610163425,0.08476959573011006,-0.00555535202203709,-0.011950909007241498,-0.013061351026318986,-0.00738432827851934,-0.00023381209976348197,0.003255496941472754,0.001890769303360046,-0.0019839415161773608,-0.004492099580027361,-0.0035260953953978936,-0.0006372686809779838,0.0010629744540952462,1.1522769990852848e-5,-0.0027402176203059035,-0.0046790162452208664,-0.004632874644581113,-0.003855939877065832,-0.003452030042865817,-0.0031132004291835004,-0.0026930933649370625,-0.002688696259701196,-0.0036451228005528503,-0.0054618814042488775,-0.006933743053531141,-0.0074581358249224535,-0.008003429893239749,-0.00845134876170942,-0.007609882660975886,-0.006130762531460684,-0.005149510703964258,-0.0042610564313798885,-0.0031875451205365226,-0.0025526799221867566,-0.002884578442845384,-0.004050962007288759,-0.00487367277055247,-0.00442898099861409,-0.0035007073935095358,-0.0029218698789431775,-0.002316375867073984,-0.00151979971982085,-0.0011521966902871272,-0.0018858816257291775,-0.0035431139773094023,-0.004363800479855054,-0.0028412590325098946,-0.00019195392672257788,0.0010264721580596709,-0.00028607400138550373,-0.0028615572948937733,-0.003929791261362097,-0.0021112333827823884,0.0006863203258406951,0.0017122011626151622,0.0001455925305500023,-0.002635564629003028,-0.0038145703912514646,-0.0017914041957272872
0.004870646315941946,0.010858250178035118,0.009733586958772895,0.007917489603557988,0.009573466799174268,0.00967971289192159,0.008237956980683237,0.008875480151163715,0.009179862147020636,0.00748503399702218,0.00683604420432122,0.006844642840730509,0.005003119740605003,0.002783003712977842,0.0018667269541169536,0.0010812179463643126,-0.0008901217769334668,-0.004384756694607701,-0.007361362504733341,-0.00555535202203709,0.08596928562625172,-0.007650079817551192,-0.015048015255295349,-0.013716876980738332,-0.005677172792339711,0.0013558616078828995,0.0029555147721028454,-0.00011147810409451943,-0.003731180377388102,-0.004216556454256095,-0.0017201104012514808,0.0006930438676421996,0.0006305683515570445,-0.0016985994058014366,-0.003957919712775267,-0.004324046863420527,-0.0035681797558949533,-0.0031033140566789877,-0.0028517597570575175,-0.0024805781561981215,-0.0023376559802160404,-0.002962064667889404,-0.004489991646935547,-0.005960107645597,-0.006501412431951845,-0.006900364480407078,-0.007413200756173284,-0.00686845369555612,-0.0055358481707433954,-0.004603709349274604,-0.0038618403713981436,-0.002919860330814476,-0.0022736294288648942,-0.002445703893664394,-0.003430027758218499,-0.004260796148799533,-0.003968699690354431,-0.003121743277966497,-0.0025812227679531227,-0.002084071619916859,-0.0014009869133271523,-0.0010269817478559058,-0.001577449653759286,-0.003002307900073217,-0.00382919243979144,-0.002612903754986256,-0.0002779476430898958,0.0008977927488976804,-0.00016670828458274664,-0.002439290789519865,-0.003468932887378844,-0.001930509517860682,0.0005551613863075932,0.001514301101156156,0.00016363367117611195,-0.0022996886724998967,-0.0033699601982195007,-0.0015906791506907106
0.0014466733309216897,0.003539622575131757,0.0034875584611162263,0.0025967504610530474,0.003010355489991047,0.0034382094118917917,0.0027646651780624024,0.002679700220625589,0.0032064791310582163,0.002608147209013773,0.0018872461169412182,0.002244798282639672,0.002074529291545137,0.0009316286173653598,0.00040989731693646264,0.0006097287802920079,0.00017351220563753555,-0.002611785030150436,-0.008240696153071743,-0.011950909007241498,-0.007650079817551192,0.08431465425342453,-0.00805126103255803,-0.014175334322159103,-0.012146057031931244,-0.005164615124456757,0.0006363682791756326,0.0019356224031416532,-0.00023622578787943092,-0.002379526808567924,-0.0022668728226116503,-0.0006458633142725059,0.0004964926929556005,7.24884218937958e-5,-0.0012291270635602894,-0.0018658526745997134,-0.0015359076420394767,-0.0012056542577845847,-0.0011888938119890943,-0.0011224544055508114,-0.0009534972045644981,-0.0009272122122539515,-0.0013562250883700456,-0.002065684271629709,-0.0023744072281203805,-0.0024088142913244698,-0.002683168824075659,-0.002712697440427356,-0.0022060231567386603,-0.001770136537959251,-0.0015437075171761008,-0.0012259556268506258,-0.0009057724215998864,-0.0008335165543527238,-0.0011359208645596675,-0.0015531500773075099,-0.001559890646540799,-0.0012094755862244145,-0.0009629098521955317,-0.0008195538884841325,-0.0005989447434636272,-0.0004128444562670807,-0.0005077476771533761,-0.000986555807297528,-0.0014027562373168834,-0.0010939195272183576,-0.0002299369315544825,0.00032133132141511187,3.0354680357450954e-5,-0.0008178973133234017,-0.0013010491592334219,-0.0008003902812575449,0.0001502593703509957,0.0005711836731105907,0.00010070223035979172,-0.0008339903962310914,-0.0012696164821478088,-0.0006084749952126538
-0.0014248770722283326,-0.0029270035085198274,-0.002363209867839332,-0.002108234492000163,-0.0026813235127565466,-0.0023953005427974922,-0.0021614887543633184,-0.002635748014596683,-0.002435893922287474,-0.002064621571066002,-0.0024764604620048656,-0.0023421505312713133,-0.0014963334998566826,-0.0012852960536223759,-0.0013009018481980397,-0.000665148443965131,1.499433914050667e-5,-0.0009695308395667485,-0.005806148392474784,-0.013061351026318986,-0.015048015255295349,-0.00805126103255803,0.08610766092877775,-0.007469722054370583,-0.013778515164032123,-0.01280663072685798,-0.005981385401836197,0.0005358347466266109,0.00264083755377013,0.0009700256836474843,-0.001264320289324037,-0.0018030769940788416,-0.0007027969080413769,0.0006003371616707968,0.0009697730451501287,0.0006725075965202154,0.000596458488366462,0.0007165628999751706,0.000566028161952592,0.00029004907234836803,0.0002650355626701094,0.0006358432889735498,0.001180298121650662,0.0014326580345408963,0.001471203308250059,0.0017050081509136417,0.0018209706984117931,0.0015001634720086848,0.0011835782493256025,0.0010563701809281087,0.0008318476965882834,0.0005401544527692102,0.0004245335890426672,0.0005765267218667743,0.0008746592333792565,0.0009889630512160891,0.000827631881909149,0.0006740781581594759,0.0006045540812867871,0.00045109034052279867,0.00024376968914638743,0.0001814939880936457,0.000404951177989677,0.0007941769593841769,0.0009053567580391566,0.0005015716263832777,-4.7254969709383096e-5,-0.00022439961590959605,0.00011045205685788254,0.0006319233977411238,0.0007839344814492747,0.0003707161477906009,-0.00017556465214650584,-0.00033986948322303593,-4.305828685289172e-6,0.0005417858782484422,0.0007538112460958706,0.0003479593722233745
