x1,x2,x3,x4,x5,x6,x7,x8,x9,x10,x11,x12,x13,x14,x15,x16,x17,x18,x19,x20,x21,x22,x23,x24,x25,x26,x27,x28,x29,x30,x31,x32,x33,x34,x35,x36
0.16128525118057532,-0.07979939359149521,-0.04288523271314009,-0.0023646244028888708,-0.005768033152518379,-0.009062115927370162,-0.0007876610686758656,-0.002176776029752747,-0.003975967244689654,-0.00035157211370770436,-0.0012337485645756152,-0.0022710671293267315,-0.00018042272760031286,-0.0008461787410048438,-0.0014964086646969271,-9.958852089286818e-5,-0.0006496873050526875,-0.0010811589783229214,-5.677899778280815e-5,-0.000538239308692387,-0.0008344673107046896,-3.2391889407387686e-5,-0.00047165546552466187,-0.0006777075705759195,-1.7831850669849936e-5,-0.00043206275309852493,-0.0005737713419571439,-8.982261493623023e-6,-0.00041075788427405446,-0.000503390097719339,-3.7103048440428887e-6,-0.00040345033786977347,-0.00045591632873952237,-9.077081382508068e-7,-0.00040830776203951147,-0.00042528513133471835
-0.07979939359149521,0.24176213012952144,-0.10963732091985581,-0.017197681684102517,-0.002168554675244655,-0.010818675998825938,-0.0023560554067176276,-0.001224297651801265,-0.004277980377671381,-0.0007801199366251899,-0.000835511867464861,-0.0023578188531064026,-0.00034471061148103055,-0.0006376016982825028,-0.00152636161395317,-0.00017409093150971833,-0.0005244895360747015,-0.001090573994541516,-9.370420962062642e-5,-0.0004558967491181676,-0.0008346193404788205,-5.139434084358574e-5,-0.00041382407588008707,-0.0006727843497142949,-2.7527195211207722e-5,-0.000389393180856068,-0.0005654406507927257,-1.3598840060996542e-5,-0.0003780610333587453,-0.0004922573261791074,-5.538994262033192e-6,-0.000377657221276001,-0.00044202820912919716,-1.3343420070532908e-6,-0.00038752279711706805,-0.0004083079248608651
-0.04288523271314009,-0.10963732091985581,0.22220768242600492,-0.05565830378385631,-0.010624380530189811,-7.750904446046647e-9,-0.0016775243525533612,-0.0008873785700017067,-1.650315659129653e-8,-0.00031508655726955603,-0.00021018231479284777,-1.0955082938024496e-8,-9.751134880517376e-5,-7.378992727849476e-5,-6.247669762093899e-8,-3.8274025497206376e-5,-3.203622649623761e-5,-8.339224810693935e-8,-1.709537960006835e-5,-1.5923160103431533e-5,-1.2187090689397273e-7,-8.138787857270291e-6,-8.688389969313537e-6,-1.8923948880145147e-7,-3.915842531843072e-6,-5.076704650511243e-6,-2.8629733905827237e-7,-1.7834657433241086e-6,-3.126402591091537e-6,-4.238131715850191e-7,-6.8351967293101e-7,-2.0079977957609962e-6,-6.210884944263251e-7,-1.5531991080786067e-7,-1.3347011862119285e-6,-9.080971679759076e-7
-0.0023646244028888708,-0.017197681684102517,-0.05565830378385631,0.21206247486543336,-0.07984922311773875,-0.027599147619352296,-0.0003548895263606744,-0.005788514069618292,-0.005997651375426474,-0.0001840739516951878,-0.002194019286252763,-0.00282825594751962,-0.0001032694434129483,-0.0012505250824073194,-0.001719584073972269,-6.0438325281186867e-5,-0.0008636423256032366,-0.0011934570570922426,-3.5883451148813195e-5,-0.0006684639500763728,-0.0009014061711968141,-2.1034957075144467e-5,-0.0005589909816744176,-0.0007237003231289479,-1.1800319249521962e-5,-0.0004951341938720794,-0.0006095809114944617,-6.019243936866703e-6,-0.000459195303459739,-0.0005345051825520197,-2.5075119736706064e-6,-0.0004427756438114133,-0.0004856094321355753,-6.206907857270183e-7,-0.00044202851604782656,-0.0004559170092370002
-0.005768033152518379,-0.002168554675244655,-0.010624380530189811,-0.07984922311773875,0.23264976251477068,-0.09079758658825515,-0.01716236639098455,-0.0008304253600421863,-0.008012926607336907,-0.0023381928211943515,-0.0006308128919842448,-0.003228458076913021,-0.0007668684070107068,-0.000516051947306112,-0.0018402229502743062,-0.0003337220040352945,-0.0004457814145732708,-0.0012304622722455333,-0.000164608911997835,-0.00040179052018288197,-0.0009045267330117235,-8.534256728387479e-5,-0.00037507316513982203,-0.0007094763704211804,-4.40181141739826e-5,-0.00036097831180254003,-0.000584244897917946,-2.1186733504055533e-5,-0.000357144242070645,-0.000500288510375424,-8.47452116183034e-6,-0.0003626497904787307,-0.00044277549011315087,-2.0077357454767464e-6,-0.000377656553602973,-0.00040345013794303164
-0.009062115927370162,-0.010818675998825938,-7.750904446046647e-9,-0.027599147619352296,-0.09079758658825515,0.22216274697604282,-0.06434885477543725,-0.013823305746558462,-7.371724768112653e-8,-0.0025838479610294784,-0.0014726973929501952,-1.2954113057239702e-7,-0.0005730599068031056,-0.000406332094465639,-2.3407194564561973e-7,-0.00019629705111050277,-0.00015819638014120951,-3.5803072236106903e-7,-8.180564928192413e-5,-7.410525023401893e-5,-5.611823992446308e-7,-3.747894191567791e-5,-3.900612589197161e-5,-8.188980176321303e-7,-1.7635948039579352e-5,-2.223497830644572e-5,-1.1777521436856508e-6,-7.930230387587223e-6,-1.3428400831724807e-5,-1.7089857134305886e-6,-3.0180447156830104e-6,-8.47467725260953e-6,-2.507852845515246e-6,-6.835616322697913e-7,-5.539312840446842e-6,-3.710629343428584e-6
-0.0007876610686758656,-0.0023560554067176276,-0.0016775243525533612,-0.0003548895263606744,-0.01716236639098455,-0.06434885477543725,0.21749996637340913,-0.0799534269050432,-0.02441592496279346,-0.00010509503564114231,-0.005824830662355784,-0.005077516747997585,-6.253051139254451e-5,-0.0022220245757255536,-0.0024053355762628237,-3.810112269106436e-5,-0.0012765280575992577,-0.001490759103146888,-2.3272316551484207e-5,-0.0008898871716844503,-0.0010602465452057286,-1.395695286793286e-5,-0.0006964032198223113,-0.0008226004671152976,-7.959924740605362e-6,-0.0005898319018705217,-0.0006795197934302971,-4.0941734648497485e-6,-0.0005302265624891889,-0.0005899689049210372,-1.7086850158803957e-6,-0.0005002883786352219,-0.0005345051202634427,-4.234440988404309e-7,-0.0004922574255161183,-0.0005033906043362124
-0.002176776029752747,-0.001224297651801265,-0.0008873785700017067,-0.005788514069618292,-0.0008304253600421863,-0.013823305746558462,-0.0799534269050432,0.22995106764898327,-0.08569640607692183,-0.017099992036440886,-0.0005120842483772314,-0.007031771351025673,-0.002309455124927806,-0.00044010629752391783,-0.0027908421193701682,-0.0007467521395078669,-0.00039441978038159964,-0.001595936600814224,-0.0003177056696544167,-0.0003658942112403085,-0.0010774173098178907,-0.00015115082636839305,-0.00034976625843158304,-0.0008014048417598618,-7.387816341559994e-5,-0.00034346877814092625,-0.0006362831414982312,-3.434134280842771e-5,-0.0003459279871563248,-0.0005302267990742182,-1.34283624645265e-5,-0.0003571443126007545,-0.00045919547949394013,-3.126266364547603e-6,-0.0003780601832375774,-0.0004107576073487246
-0.003975967244689654,-0.004277980377671381,-1.650315659129653e-8,-0.005997651375426474,-0.008012926607336907,-7.371724768112653e-8,-0.02441592496279346,-0.08569640607692183,0.22208317935976202,-0.06752647716203236,-0.015186088601373146,-3.2524057977378895e-7,-0.0030215685890410543,-0.0017949409172752923,-5.390104020341902e-7,-0.0007180185707594128,-0.00053389540323244,-8.595181927861795e-7,-0.00025587689472397757,-0.00021997661537806468,-1.283142885666333e-6,-0.00010790220131116912,-0.00010762980630329988,-1.9199695385496707e-6,-4.83908018703294e-5,-5.862698924480325e-5,-2.81585153327768e-6,-2.1160207221287974e-5,-3.4341316255820376e-5,-4.094233145929271e-6,-7.930332123595729e-6,-2.1186731518477164e-5,-6.019389476474846e-6,-1.7835910015584489e-6,-1.3599029991234746e-5,-8.98237810918745e-6
-0.00035157211370770436,-0.0007801199366251899,-0.00031508655726955603,-0.0001840739516951878,-0.0023381928211943515,-0.0025838479610294784,-0.00010509503564114231,-0.017099992036440886,-0.06752647716203236,0.21950842716446545,-0.08012210476179599,-0.023140102903082077,-3.919558767181974e-5,-0.005880786124086962,-0.004678456870662692,-2.4593062980166058e-5,-0.002264037999878857,-0.002214569619098203,-1.53455989116702e-5,-0.001315022028798421,-0.001388885521956429,-9.34970264998558e-6,-0.0009286655244181014,-0.0010066184985455529,-5.407778745594727e-6,-0.0007379039384562552,-0.0007998044458011888,-2.816128718621802e-6,-0.0006362828539622778,-0.0006795199211127728,-1.1776038335714611e-6,-0.0005842443896470484,-0.0006095808720848472,-2.8602089655049845e-7,-0.0005654403394030894,-0.0005737714916365794
-0.0012337485645756152,-0.000835511867464861,-0.00021018231479284777,-0.002194019286252763,-0.0006308128919842448,-0.0014726973929501952,-0.005824830662355784,-0.0005120842483772314,-0.015186088601373146,-0.08012210476179599,0.2287623301798371,-0.08337571697395971,-0.017004478423373562,-0.00039092525619982554,-0.00654593063513334,-0.002267024137379073,-0.0003607605225876137,-0.0025578135241354216,-0.0007178185131655745,-0.0003428931661050294,-0.0014579330093408005,-0.00029520523372558727,-0.0003346717228195073,-0.000986727865629547,-0.0001326872280123237,-0.00033495082976725543,-0.0007379036609646145,-5.862639143394688e-5,-0.00034346905459917143,-0.0005898322525356992,-2.2234691111108762e-5,-0.0003609789250350326,-0.0004951351588105279,-5.076649968946412e-6,-0.0003893927812086695,-0.00043206298091506834
-0.0022710671293267315,-0.0023578188531064026,-1.0955082938024496e-8,-0.00282825594751962,-0.003228458076913021,-1.2954113057239702e-7,-0.005077516747997585,-0.007031771351025673,-3.2524057977378895e-7,-0.023140102903082077,-0.08337571697395971,0.2219608352803976,-0.06901970832567147,-0.01592154062347144,-1.0276246097534747e-6,-0.0032437251208337903,-0.001990974814175789,-1.6170906323581535e-6,-0.0007917850556233702,-0.000618645249195332,-2.4547446740436074e-6,-0.00028325050732855295,-0.00026384671366411205,-3.6562290921804408e-6,-0.00011637558478419519,-0.00013268796263662952,-5.407828770134793e-6,-4.839131186258616e-5,-7.387797707417154e-5,-7.959958355646668e-6,-1.7636357876188447e-5,-4.401774035994732e-5,-1.180016427879127e-5,-3.9161278113791775e-6,-2.752697652813607e-5,-1.7831471364401774e-5
-0.00018042272760031286,-0.00034471061148103055,-9.751134880517376e-5,-0.0001032694434129483,-0.0007668684070107068,-0.0005730599068031056,-6.253051139254451e-5,-0.002309455124927806,-0.0030215685890410543,-3.919558767181974e-5,-0.017004478423373562,-0.06901970832567147,0.22052953983064144,-0.08037336986253374,-0.02254016026902539,-1.605581872009265e-5,-0.0059630618700033805,-0.004496579841623924,-1.0191109427043488e-5,-0.0023256531474331182,-0.0021367546224133893,-6.278964600411885e-6,-0.001371838947217749,-0.0013592119643490164,-3.6562466558809348e-6,-0.000986728573743989,-0.0010066177159386153,-1.9204124909744102e-6,-0.0008014049016727698,-0.000822600209929511,-8.187288448868735e-7,-0.0007094761323366838,-0.0007237004256672314,-1.8906385346184607e-7,-0.0006727842593357847,-0.0006777077356311945
-0.0008461787410048438,-0.0006376016982825028,-7.378992727849476e-5,-0.0012505250824073194,-0.000516051947306112,-0.000406332094465639,-0.0022220245757255536,-0.00044010629752391783,-0.0017949409172752923,-0.005880786124086962,-0.00039092525619982554,-0.01592154062347144,-0.08037336986253374,0.2281798638283087,-0.08207933951245841,-0.016865345737930693,-0.00033963262616562573,-0.006263207469467097,-0.002206192939388521,-0.0003297697722982884,-0.002417026530269664,-0.0006768886274022834,-0.00032822776905655493,-0.0013718388679592047,-0.00026384678318534804,-0.0003346716185243931,-0.0009286645862242454,-0.00010762929274527044,-0.00034976630133676245,-0.0006964025924664358,-3.90055190172961e-5,-0.0003750738631204398,-0.0005589920076333882,-8.688409986037926e-6,-0.000413823987542028,-0.0004716558665736753
-0.0014964086646969271,-0.00152636161395317,-6.247669762093899e-8,-0.001719584073972269,-0.0018402229502743062,-2.3407194564561973e-7,-0.0024053355762628237,-0.0027908421193701682,-5.390104020341902e-7,-0.004678456870662692,-0.00654593063513334,-1.0276246097534747e-6,-0.02254016026902539,-0.08207933951245841,0.22178152140749297,-0.06972701161934167,-0.016370455036073095,-2.745991134409098e-6,-0.003339438600308539,-0.002118935773179384,-4.192674327621604e-6,-0.0008144720644747555,-0.0006768881353097361,-6.2778655679357476e-6,-0.00028325064705170266,-0.0002952056590550117,-9.35022962586518e-6,-0.00010790309814558141,-0.00015115049530704805,-1.39570826622748e-5,-3.74798270056792e-5,-8.534211362842825e-5,-2.1034557112845076e-5,-8.139290141068178e-6,-5.13940164638127e-5,-3.239116211613269e-5
-9.958852089286818e-5,-0.00017409093150971833,-3.8274025497206376e-5,-6.0438325281186867e-5,-0.0003337220040352945,-0.00019629705111050277,-3.810112269106436e-5,-0.0007467521395078669,-0.0007180185707594128,-2.4593062980166058e-5,-0.002267024137379073,-0.0032437251208337903,-1.605581872009265e-5,-0.016865345737930693,-0.06972701161934167,0.22113292529534723,-0.08073845915238198,-0.022290381169515636,-6.736027950357548e-6,-0.006083356542757615,-0.004443057606814474,-4.192458998353299e-6,-0.0024170263006931814,-0.002136754520224493,-2.455352416996792e-6,-0.0014579332368835907,-0.0013888849484895022,-1.2842402366819439e-6,-0.001077416915198151,-0.001060245756707795,-5.612363214863025e-7,-0.000904526521875948,-0.0009014061294475573,-1.2193112752800772e-7,-0.0008346196264316652,-0.0008344674324075041
-0.0006496873050526875,-0.0005244895360747015,-3.203622649623761e-5,-0.0008636423256032366,-0.0004457814145732708,-0.00015819638014120951,-0.0012765280575992577,-0.00039441978038159964,-0.00053389540323244,-0.002264037999878857,-0.0003607605225876137,-0.001990974814175789,-0.0059630618700033805,-0.00033963262616562573,-0.016370455036073095,-0.08073845915238198,0.22793272612521753,-0.08127252558707743,-0.016664650068198547,-0.00032503942118022877,-0.0060833564275520335,-0.002118935652622722,-0.00032976956905884924,-0.0023256541019857496,-0.0006186455872505409,-0.00034289268113667226,-0.0013150220631368142,-0.0002199768373525729,-0.00036589395194300267,-0.000889885799866319,-7.410473639732351e-5,-0.00040179064708989465,-0.0006684645576699177,-1.5923319244298684e-5,-0.0004558969251801104,-0.000538239740858315
-0.0010811589783229214,-0.001090573994541516,-8.339224810693935e-8,-0.0011934570570922426,-0.0012304622722455333,-3.5803072236106903e-7,-0.001490759103146888,-0.001595936600814224,-8.595181927861795e-7,-0.002214569619098203,-0.0025578135241354216,-1.6170906323581535e-6,-0.004496579841623924,-0.006263207469467097,-2.745991134409098e-6,-0.022290381169515636,-0.08127252558707743,0.22152054234870774,-0.06993856371512744,-0.016664650056364333,-6.736038679650003e-6,-0.003339438643301121,-0.002206192871976223,-1.0191624154609613e-5,-0.000791784928889705,-0.0007178175733621589,-1.5345947423944795e-5,-0.00025587578980010295,-0.0003177056033654563,-2.3273484675262468e-5,-8.180761195583641e-5,-0.00016460862230380235,-3.588265771284349e-5,-1.709630175918131e-5,-9.370388728949242e-5,-5.6777750557693296e-5
-5.677899778280815e-5,-9.370420962062642e-5,-1.709537960006835e-5,-3.5883451148813195e-5,-0.000164608911997835,-8.180564928192413e-5,-2.3272316551484207e-5,-0.0003177056696544167,-0.00025587689472397757,-1.53455989116702e-5,-0.0007178185131655745,-0.0007917850556233702,-1.0191109427043488e-5,-0.002206192939388521,-0.003339438600308539,-6.736027950357548e-6,-0.016664650068198547,-0.06993856371512744,0.22152054235231866,-0.08127252559378863,-0.02229038117617907,-2.745936847514674e-6,-0.006263207804785564,-0.00449657961013171,-1.6166871815020967e-6,-0.0025578133977752354,-0.002214570488663331,-8.59054822319183e-7,-0.0015959356310583928,-0.0014907598273987271,-3.5934907059720356e-7,-0.0012304622613787536,-0.001193456180608718,-8.424467393131074e-8,-0.001090574182219528,-0.001081157817272485
-0.000538239308692387,-0.0004558967491181676,-1.5923160103431533e-5,-0.0006684639500763728,-0.00040179052018288197,-7.410525023401893e-5,-0.0008898871716844503,-0.0003658942112403085,-0.00021997661537806468,-0.001315022028798421,-0.0003428931661050294,-0.000618645249195332,-0.0023256531474331182,-0.0003297697722982884,-0.002118935773179384,-0.006083356542757615,-0.00032503942118022877,-0.016664650056364333,-0.08127252559378863,0.2279327261269003,-0.08073845915106727,-0.016370455057860084,-0.0003396326059621757,-0.005963061667837902,-0.001990974903771009,-0.00036076072324291164,-0.002264038143349023,-0.0005338952989823731,-0.0003944198303447721,-0.00127652871713127,-0.00015819640781722377,-0.00044577997178463225,-0.0008636411678299982,-3.2036541992019885e-5,-0.0005244905759564378,-0.0006496876741620139
-0.0008344673107046896,-0.0008346193404788205,-1.2187090689397273e-7,-0.0009014061711968141,-0.0009045267330117235,-5.611823992446308e-7,-0.0010602465452057286,-0.0010774173098178907,-1.283142885666333e-6,-0.001388885521956429,-0.0014579330093408005,-2.4547446740436074e-6,-0.0021367546224133893,-0.002417026530269664,-4.192674327621604e-6,-0.004443057606814474,-0.0060833564275520335,-6.736038679650003e-6,-0.02229038117617907,-0.08073845915106727,0.22113292529275408,-0.06972701161985426,-0.01686534572487322,-1.605586040047402e-5,-0.003243725102781217,-0.0022670240887722876,-2.4593023093877342e-5,-0.0007180186923386178,-0.0007467527496891196,-3.8100013507846864e-5,-0.00019629764637163483,-0.00033372175240863056,-6.043769942064292e-5,-3.827438430741015e-5,-0.00017409145702346196,-9.958836802770321e-5
-3.2391889407387686e-5,-5.139434084358574e-5,-8.138787857270291e-6,-2.1034957075144467e-5,-8.534256728387479e-5,-3.747894191567791e-5,-1.395695286793286e-5,-0.00015115082636839305,-0.00010790220131116912,-9.34970264998558e-6,-0.00029520523372558727,-0.00028325050732855295,-6.278964600411885e-6,-0.0006768886274022834,-0.0008144720644747555,-4.192458998353299e-6,-0.002118935652622722,-0.003339438643301121,-2.745936847514674e-6,-0.016370455057860084,-0.06972701161985426,0.22178152140749002,-0.08207933951415203,-0.022540160266985618,-1.0275856704156094e-6,-0.006545930955341908,-0.00467845638275205,-5.385860439161005e-7,-0.0027908433977801156,-0.0024053354775031566,-2.3393926633363815e-7,-0.0018402225291437035,-0.0017195826495769312,-6.338839883546221e-8,-0.001526362688174937,-0.0014964081121037198
-0.00047165546552466187,-0.00041382407588008707,-8.688389969313537e-6,-0.0005589909816744176,-0.00037507316513982203,-3.900612589197161e-5,-0.0006964032198223113,-0.00034976625843158304,-0.00010762980630329988,-0.0009286655244181014,-0.0003346717228195073,-0.00026384671366411205,-0.001371838947217749,-0.00032822776905655493,-0.0006768881353097361,-0.0024170263006931814,-0.00032976956905884924,-0.002206192871976223,-0.006263207804785564,-0.0003396326059621757,-0.01686534572487322,-0.08207933951415203,0.2281798638245385,-0.08037336985348564,-0.015921540646101837,-0.00039092515661280636,-0.005880786239890745,-0.001794941043482004,-0.0004401062024975422,-0.002222025037536074,-0.00040632984723892873,-0.0005160520258773726,-0.0012505275644897063,-7.37916725774973e-5,-0.0006376005173401311,-0.0008461773247826487
-0.0006777075705759195,-0.0006727843497142949,-1.8923948880145147e-7,-0.0007237003231289479,-0.0007094763704211804,-8.188980176321303e-7,-0.0008226004671152976,-0.0008014048417598618,-1.9199695385496707e-6,-0.0010066184985455529,-0.000986727865629547,-3.6562290921804408e-6,-0.0013592119643490164,-0.0013718388679592047,-6.2778655679357476e-6,-0.002136754520224493,-0.0023256541019857496,-1.0191624154609613e-5,-0.00449657961013171,-0.005963061667837902,-1.605586040047402e-5,-0.022540160266985618,-0.08037336985348564,0.22052953982156057,-0.06901970831650282,-0.017004478417036104,-3.919556093118226e-5,-0.0030215688878221098,-0.0023094544329243794,-6.253090572287678e-5,-0.0005730598371197076,-0.0007668690062425793,-0.00010326985104139319,-9.750947395620324e-5,-0.00034471071061714653,-0.00018042359553098464
-1.7831850669849936e-5,-2.7527195211207722e-5,-3.915842531843072e-6,-1.1800319249521962e-5,-4.40181141739826e-5,-1.7635948039579352e-5,-7.959924740605362e-6,-7.387816341559994e-5,-4.83908018703294e-5,-5.407778745594727e-6,-0.0001326872280123237,-0.00011637558478419519,-3.6562466558809348e-6,-0.00026384678318534804,-0.00028325064705170266,-2.455352416996792e-6,-0.0006186455872505409,-0.000791784928889705,-1.6166871815020967e-6,-0.001990974903771009,-0.003243725102781217,-1.0275856704156094e-6,-0.015921540646101837,-0.06901970831650282,0.22196083527757998,-0.08337571697572341,-0.023140102929851886,-3.2516262189752343e-7,-0.007031771482787413,-0.005077516339341878,-1.296951514240252e-7,-0.0032284595081679135,-0.002828256128149298,-7.368350721237427e-9,-0.002357819322663185,-0.002271068825866057
-0.00043206275309852493,-0.000389393180856068,-5.076704650511243e-6,-0.0004951341938720794,-0.00036097831180254003,-2.223497830644572e-5,-0.0005898319018705217,-0.00034346877814092625,-5.862698924480325e-5,-0.0007379039384562552,-0.00033495082976725543,-0.00013268796263662952,-0.000986728573743989,-0.0003346716185243931,-0.0002952056590550117,-0.0014579332368835907,-0.00034289268113667226,-0.0007178175733621589,-0.0025578133977752354,-0.00036076072324291164,-0.0022670240887722876,-0.006545930955341908,-0.00039092515661280636,-0.017004478417036104,-0.08337571697572341,0.2287623301797162,-0.080122104758127,-0.015186088591868138,-0.0005120842565536909,-0.005824830742446219,-0.0014726971828319252,-0.0006308127674060915,-0.0021940199162234775,-0.00021018211013135168,-0.0008355116100772497,-0.0012337486641352396
-0.0005737713419571439,-0.0005654406507927257,-2.8629733905827237e-7,-0.0006095809114944617,-0.000584244897917946,-1.1777521436856508e-6,-0.0006795197934302971,-0.0006362831414982312,-2.81585153327768e-6,-0.0007998044458011888,-0.0007379036609646145,-5.407828770134793e-6,-0.0010066177159386153,-0.0009286645862242454,-9.35022962586518e-6,-0.0013888849484895022,-0.0013150220631368142,-1.5345947423944795e-5,-0.002214570488663331,-0.002264038143349023,-2.4593023093877342e-5,-0.00467845638275205,-0.005880786239890745,-3.919556093118226e-5,-0.023140102929851886,-0.080122104758127,0.21950842715745272,-0.06752647715084986,-0.017099992030276415,-0.00010509496144550656,-0.0025838485464351885,-0.002338191847897325,-0.0001840734442468961,-0.00031508840143260053,-0.0007801198284766719,-0.0003515713552467714
-8.982261493623023e-6,-1.3598840060996542e-5,-1.7834657433241086e-6,-6.019243936866703e-6,-2.1186733504055533e-5,-7.930230387587223e-6,-4.0941734648497485e-6,-3.434134280842771e-5,-2.1160207221287974e-5,-2.816128718621802e-6,-5.862639143394688e-5,-4.839131186258616e-5,-1.9204124909744102e-6,-0.00010762929274527044,-0.00010790309814558141,-1.2842402366819439e-6,-0.0002199768373525729,-0.00025587578980010295,-8.59054822319183e-7,-0.0005338952989823731,-0.0007180186923386178,-5.385860439161005e-7,-0.001794941043482004,-0.0030215688878221098,-3.2516262189752343e-7,-0.015186088591868138,-0.06752647715084986,0.2220831793627538,-0.08569640609070325,-0.024415924998124477,-7.352235469049173e-8,-0.00801292705640537,-0.005997651016834624,-1.6496130197940495e-8,-0.004277980460102387,-0.0039759672518580175
-0.00041075788427405446,-0.0003780610333587453,-3.126402591091537e-6,-0.000459195303459739,-0.000357144242070645,-1.3428400831724807e-5,-0.0005302265624891889,-0.0003459279871563248,-3.4341316255820376e-5,-0.0006362828539622778,-0.00034346905459917143,-7.387797707417154e-5,-0.0008014049016727698,-0.00034976630133676245,-0.00015115049530704805,-0.001077416915198151,-0.00036589395194300267,-0.0003177056033654563,-0.0015959356310583928,-0.0003944198303447721,-0.0007467527496891196,-0.0027908433977801156,-0.0004401062024975422,-0.0023094544329243794,-0.007031771482787413,-0.0005120842565536909,-0.017099992030276415,-0.08569640609070325,0.22995106766579723,-0.07995342693156685,-0.013823305769794778,-0.0008304252984218385,-0.005788514204344647,-0.0008873784996904777,-0.0012242975225834063,-0.002176776147830628
-0.000503390097719339,-0.0004922573261791074,-4.238131715850191e-7,-0.0005345051825520197,-0.000500288510375424,-1.7089857134305886e-6,-0.0005899689049210372,-0.0005302267990742182,-4.094233145929271e-6,-0.0006795199211127728,-0.0005898322525356992,-7.959958355646668e-6,-0.000822600209929511,-0.0006964025924664358,-1.39570826622748e-5,-0.001060245756707795,-0.000889885799866319,-2.3273484675262468e-5,-0.0014907598273987271,-0.00127652871713127,-3.8100013507846864e-5,-0.0024053354775031566,-0.002222025037536074,-6.253090572287678e-5,-0.005077516339341878,-0.005824830742446219,-0.00010509496144550656,-0.024415924998124477,-0.07995342693156685,0.21749996639335778,-0.06434885478848934,-0.017162366391410444,-0.0003548895135919994,-0.0016775244098380382,-0.0023560552892155917,-0.0007876611379212944
-3.7103048440428887e-6,-5.538994262033192e-6,-6.8351967293101e-7,-2.5075119736706064e-6,-8.47452116183034e-6,-3.0180447156830104e-6,-1.7086850158803957e-6,-1.34283624645265e-5,-7.930332123595729e-6,-1.1776038335714611e-6,-2.2234691111108762e-5,-1.7636357876188447e-5,-8.187288448868735e-7,-3.90055190172961e-5,-3.74798270056792e-5,-5.612363214863025e-7,-7.410473639732351e-5,-8.180761195583641e-5,-3.5934907059720356e-7,-0.00015819640781722377,-0.00019629764637163483,-2.3393926633363815e-7,-0.00040632984723892873,-0.0005730598371197076,-1.296951514240252e-7,-0.0014726971828319252,-0.0025838485464351885,-7.352235469049173e-8,-0.013823305769794778,-0.06434885478848934,0.2221627469790814,-0.09079758657958453,-0.027599147616507086,-7.723885905863703e-9,-0.010818676035168034,-0.009062115903393848
-0.00040345033786977347,-0.000377657221276001,-2.0079977957609962e-6,-0.0004427756438114133,-0.0003626497904787307,-8.47467725260953e-6,-0.0005002883786352219,-0.0003571443126007545,-2.1186731518477164e-5,-0.0005842443896470484,-0.0003609789250350326,-4.401774035994732e-5,-0.0007094761323366838,-0.0003750738631204398,-8.534211362842825e-5,-0.000904526521875948,-0.00040179064708989465,-0.00016460862230380235,-0.0012304622613787536,-0.00044577997178463225,-0.00033372175240863056,-0.0018402225291437035,-0.0005160520258773726,-0.0007668690062425793,-0.0032284595081679135,-0.0006308127674060915,-0.002338191847897325,-0.00801292705640537,-0.0008304252984218385,-0.017162366391410444,-0.09079758657958453,0.2326497625084079,-0.07984922310910447,-0.010624380530660033,-0.002168554676635903,-0.005768033149237253
-0.00045591632873952237,-0.00044202820912919716,-6.210884944263251e-7,-0.0004856094321355753,-0.00044277549011315087,-2.507852845515246e-6,-0.0005345051202634427,-0.00045919547949394013,-6.019389476474846e-6,-0.0006095808720848472,-0.0004951351588105279,-1.180016427879127e-5,-0.0007237004256672314,-0.0005589920076333882,-2.1034557112845076e-5,-0.0009014061294475573,-0.0006684645576699177,-3.588265771284349e-5,-0.001193456180608718,-0.0008636411678299982,-6.043769942064292e-5,-0.0017195826495769312,-0.0012505275644897063,-0.00010326985104139319,-0.002828256128149298,-0.0021940199162234775,-0.0001840734442468961,-0.005997651016834624,-0.005788514204344647,-0.0003548895135919994,-0.027599147616507086,-0.07984922310910447,0.21206247486959262,-0.05565830379495108,-0.017197681685918967,-0.002364624405639837
-9.077081382508068e-7,-1.3343420070532908e-6,-1.5531991080786067e-7,-6.206907857270183e-7,-2.0077357454767464e-6,-6.835616322697913e-7,-4.234440988404309e-7,-3.126266364547603e-6,-1.7835910015584489e-6,-2.8602089655049845e-7,-5.076649968946412e-6,-3.9161278113791775e-6,-1.8906385346184607e-7,-8.688409986037926e-6,-8.139290141068178e-6,-1.2193112752800772e-7,-1.5923319244298684e-5,-1.709630175918131e-5,-8.424467393131074e-8,-3.2036541992019885e-5,-3.827438430741015e-5,-6.338839883546221e-8,-7.37916725774973e-5,-9.750947395620324e-5,-7.368350721237427e-9,-0.00021018211013135168,-0.00031508840143260053,-1.6496130197940495e-8,-0.0008873784996904777,-0.0016775244098380382,-7.723885905863703e-9,-0.010624380530660033,-0.05565830379495108,0.22220768243146377,-0.10963732091135073,-0.042885232704658716
-0.00040830776203951147,-0.00038752279711706805,-1.3347011862119285e-6,-0.00044202851604782656,-0.000377656553602973,-5.539312840446842e-6,-0.0004922574255161183,-0.0003780601832375774,-1.3599029991234746e-5,-0.0005654403394030894,-0.0003893927812086695,-2.752697652813607e-5,-0.0006727842593357847,-0.000413823987542028,-5.13940164638127e-5,-0.0008346196264316652,-0.0004558969251801104,-9.370388728949242e-5,-0.001090574182219528,-0.0005244905759564378,-0.00017409145702346196,-0.001526362688174937,-0.0006376005173401311,-0.00034471071061714653,-0.002357819322663185,-0.0008355116100772497,-0.0007801198284766719,-0.004277980460102387,-0.0012242975225834063,-0.0023560552892155917,-0.010818676035168034,-0.002168554676635903,-0.017197681685918967,-0.10963732091135073,0.2417621301229928,-0.07979939356850207
-0.00042528513133471835,-0.0004083079248608651,-9.080971679759076e-7,-0.0004559170092370002,-0.00040345013794303164,-3.710629343428584e-6,-0.0005033906043362124,-0.0004107576073487246,-8.98237810918745e-6,-0.0005737714916365794,-0.00043206298091506834,-1.7831471364401774e-5,-0.0006777077356311945,-0.0004716558665736753,-3.239116211613269e-5,-0.0008344674324075041,-0.000538239740858315,-5.6777750557693296e-5,-0.001081157817272485,-0.0006496876741620139,-9.958836802770321e-5,-0.0014964081121037198,-0.0008461773247826487,-0.00018042359553098464,-0.002271068825866057,-0.0012337486641352396,-0.0003515713552467714,-0.0039759672518580175,-0.002176776147830628,-0.0007876611379212944,-0.009062115903393848,-0.005768033149237253,-0.002364624405639837,-0.042885232704658716,-0.07979939356850207,0.1612852511579134
