x1,x2,x3,x4,x5,x6,x7,x8,x9,x10,x11,x12,x13,x14,x15,x16,x17,x18,x19,x20,x21,x22,x23,x24,x25,x26,x27,x28,x29,x30,x31,x32,x33,x34,x35,x36,x37,x38,x39,x40,x41,x42,x43,x44,x45,x46,x47,x48,x49,x50,x51,x52,x53,x54,x55,x56,x57,x58,x59,x60,x61,x62,x63,x64
0.05575557493845018,-0.0038575793874262906,-0.0012928326560570698,-0.000511580320494526,-0.0012928326474620435,-0.0038575793894931455,-0.0009282796208746224,-0.0009282796255964367,-0.0050046084132031625,-0.0049661826440831345,-0.005252904863030237,-0.00525290487901227,-0.004966182632794939,-0.0018575196815172935,-0.001857519694031158,0.00036634925994657053,9.367039250595248e-5,-0.0023924968597148944,-0.0023924968093933913,9.367020721975323e-5,-0.0002445446862032244,-0.0002445449186097932,-0.0012410190609366684,-0.0007874004048339703,5.244900321083926e-5,5.2448742814265484e-5,-0.0007874005911019088,-0.0001553156212537313,-0.00015531505890501016,0.0001708771709217863,4.60226835749533e-6,-0.0007004978228702316,-0.0007004975714465584,4.602371241546145e-6,-0.00010874833368013337,-0.00010874811072917942,-0.0006840734913717066,-0.0003746711845104122,6.876304872934294e-5,6.876300331493286e-5,-0.000374671309086912,-5.194914916380421e-5,-5.1949177875564484e-5,7.944452236358367e-5,-4.858443316009166e-5,-0.00043619641509317047,-0.0004361964852312072,-4.858462319942211e-5,-8.851842257564887e-5,-8.851836306906081e-5,-0.0005181130175669145,-0.00024563800460775825,5.891167097021639e-5,5.891190146411778e-5,-0.0002456379390046821,-2.178915180162433e-5,-2.1789305023251144e-5,-6.282354498867895e-5,-0.00014934614073540035,-0.0003867719040260045,-0.0003867720989213945,-0.00014934633662460665,-0.00010564285205593842,-0.00010564284706220479
-0.0038575793874262906,0.03833606510673922,-0.0004927398773753675,-0.00029751362223179594,-0.0009667204475357632,-0.0031776010554824593,-0.0003092818677515357,-0.0007235467168687331,-0.003091435614305295,-0.0028707337793327675,-0.0029921775509431535,-0.004194440502803469,-0.003440702623327059,-0.0010526149706756556,-0.0013805274411634457,0.00023562207960246237,0.00012280457397805442,-0.0013473183866791784,-0.0015046005750339983,9.90550746201678e-5,-0.00011424067201657442,-0.00013874712681948424,-0.0008913572284748745,-0.0005915765765455858,-7.574454592553644e-6,-2.1374125311064266e-6,-0.0005845456650151427,-0.00012688586340468296,-0.00012376519053072858,0.00012734573661124607,1.53766372448595e-5,-0.0004931553409098945,-0.0004901042270781049,1.6103831586777498e-5,-7.22466258187802e-5,-7.16086890508389e-5,-0.0005076343835585548,-0.0002840546904148083,4.39764109017725e-5,4.3880134140615994e-5,-0.00028428980926607246,-4.184876443152453e-5,-4.193933227348485e-5,6.17579058175457e-5,-3.135220636239284e-5,-0.0003199362396158935,-0.00032005713783000127,-3.1387563348312155e-5,-6.348202665085729e-5,-6.351001542716559e-5,-0.00038677231827925225,-0.00018526644299071303,4.296069657785273e-5,4.2962097597616695e-5,-0.00018525692420145616,-1.7147799840638505e-5,-1.7144742951068136e-5,-4.635295640566087e-5,-0.00011049223352466904,-0.00028778106886943644,-0.0002877760175878489,-0.00011049092056078623,-7.822922231874365e-5,-7.822797698446363e-5
-0.0012928326560570698,-0.0004927398773753675,0.012166211407603472,-6.885643088647957e-5,-0.00027488109403124724,-0.0009667204496604377,-8.967121150637004e-5,-0.00021244807530124753,-0.0008242979765319587,-0.0008226733605794971,-0.0009829433007641658,-0.0012633739247855866,-0.0009551699588396644,-0.0003236224659574438,-0.0003998804336038227,5.7272007210515974e-5,5.783062897268518e-5,-0.00033089726112015526,-0.00036704446941696154,5.3647329099356724e-5,-1.7025413350019273e-5,-2.2386295107996402e-5,-0.0003201916388153484,-0.0002270422531987049,-3.456419625091139e-5,-3.243831328425121e-5,-0.00022496106707531617,-5.48430976577185e-5,-5.387807578669933e-5,4.75637522790137e-5,1.29343020796902e-5,-0.00016966189944741684,-0.00016882471130783193,1.3109355399724572e-5,-2.2076481280714267e-5,-2.1910053315467925e-5,-0.0001937958832121213,-0.00011258187779715149,1.1366279859606393e-5,1.1326637500959367e-5,-0.00011265190562354777,-1.8291648231032574e-5,-1.8319718820380946e-5,2.5262040555802978e-5,-8.980605710385557e-6,-0.00011971612506241954,-0.00011975047664793188,-8.990219479146736e-6,-2.2815309692207044e-5,-2.282307826562043e-5,-0.00014934643382314065,-7.281406506776537e-5,1.579026590038909e-5,1.5790938125148958e-5,-7.281128207991486e-5,-7.226527836164884e-6,-7.225610459427089e-6,-1.7538751623093318e-5,-4.200603971321846e-5,-0.00011049237857723323,-0.00011049097424936896,-4.2005691114708284e-5,-2.9787125789088202e-5,-2.9786773415406855e-5
-0.000511580320494526,-0.00029751362223179594,-6.885643088647957e-5,0.004687911488746332,-6.885642994602584e-5,-0.0002975136193963316,-5.8189748355794984e-5,-5.818974407615438e-5,-0.0002866299173126153,-0.0003194824061826539,-0.0004290108946693021,-0.0004290108865072687,-0.00031948223363600334,-0.00013385668474869683,-0.00013385672301005562,1.62840348525482e-5,2.3474657323278117e-5,-0.00011492145877353699,-0.00011492153970646233,2.347465144831326e-5,-4.1257104060077e-6,-4.125684605869383e-6,-0.00012944928408570493,-9.425897597050026e-5,-2.0367627219481587e-5,-2.0367785249652753e-5,-9.425859526725087e-5,-2.3859581718967934e-5,-2.3859526092911493e-5,1.940630451731017e-5,6.634486106997537e-6,-6.697263495494697e-5,-6.697245951157328e-5,6.634550288817981e-6,-8.152295673485401e-6,-8.152280430020592e-6,-8.097717716440415e-5,-4.789074373325136e-5,3.528179465000276e-6,3.5282187381499023e-6,-4.7890714991591314e-5,-8.126578219307819e-6,-8.126554184674652e-6,1.0871457678294724e-5,-3.1699814448023263e-6,-4.954725827501298e-5,-4.954720435120455e-5,-3.1699701575459146e-6,-9.255696121315072e-6,-9.255666387818648e-6,-6.282315769119228e-5,-3.0888954428815243e-5,6.4584549483327685e-6,6.458543744498068e-6,-3.088891148871611e-5,-3.164966233708185e-6,-3.164959450466198e-6,-7.306250593929712e-6,-1.7538643192405648e-5,-4.6352679215372e-5,-4.6352705152529866e-5,-1.7538668989830902e-5,-1.2446244327020662e-5,-1.2446240942872502e-5
-0.0012928326474620435,-0.0009667204475357632,-0.00027488109403124724,-6.885642994602584e-5,0.012166211406880983,-0.0004927398786499092,-0.0002124480604299653,-8.967121389210046e-5,-0.0008242982384174746,-0.0009551697974221916,-0.0012633738969914188,-0.0009829432833200974,-0.0008226736664097936,-0.0003998804138752256,-0.0003236223674921345,5.727225269428588e-5,5.364747295020535e-5,-0.00036704479485290557,-0.0003308977067824641,5.7830648384387054e-5,-2.238613675285313e-5,-1.7025316619722808e-5,-0.0003201919985190176,-0.00022496158225307134,-3.2437894888286725e-5,-3.456393591689993e-5,-0.00022704243390482144,-5.387810614212253e-5,-5.4843251528613194e-5,4.756365403508606e-5,1.3109383807829673e-5,-0.00016882483751104875,-0.00016966196322737627,1.2934325345595312e-5,-2.1910017392782078e-5,-2.2076510668260205e-5,-0.00019379566425874713,-0.0001126517948757511,1.132655726906093e-5,1.1366234480750538e-5,-0.00011258175042921262,-1.8319730740860795e-5,-1.829161133484976e-5,2.5262190213800812e-5,-8.990008153380478e-6,-0.0001197502927971678,-0.00011971578420455718,-8.9803826975499e-6,-2.2823031239636056e-5,-2.281515150963209e-5,-0.00014934654964901255,-7.281147371900058e-5,1.5790765148640685e-5,1.5790445340808785e-5,-7.2814093208613e-5,-7.225639336416148e-6,-7.226554603856428e-6,-1.7538752618993424e-5,-4.200564044613569e-5,-0.00011049097812780581,-0.00011049250375696271,-4.200610959965645e-5,-2.97867887819606e-5,-2.9787127626020806e-5
-0.0038575793894931455,-0.0031776010554824593,-0.0009667204496604377,-0.0002975136193963316,-0.0004927398786499092,0.03833606510406193,-0.0007235467068078796,-0.00030928186597043193,-0.0030914356361315823,-0.0034407027018856966,-0.004194440506163051,-0.0029921775455745633,-0.002870733796060993,-0.0013805274304030041,-0.001052614962110588,0.00023562190453473172,9.905511452208698e-5,-0.0015046004240896708,-0.00134731858721432,0.00012280465189662423,-0.0001387473240033545,-0.00011424043463668784,-0.0008913563628573346,-0.0005845450746460198,-2.1386353201115262e-6,-7.574981613981798e-6,-0.0005915764700835655,-0.00012376511737740352,-0.0001268856758142114,0.00012734569186068456,1.610393761051544e-5,-0.0004901037027895276,-0.0004931549393149466,1.5376747844746683e-5,-7.160866738207443e-5,-7.224655547321381e-5,-0.0005076347620615031,-0.0002842898011600588,4.388014904108956e-5,4.3976395425161365e-5,-0.0002840548444489442,-4.1939283234388376e-5,-4.1848713990361595e-5,6.175800625349581e-5,-3.1387367381582495e-5,-0.00032005725657217854,-0.0003199363065936937,-3.135218376204912e-5,-6.351006561680616e-5,-6.348191874045982e-5,-0.00038677249089605814,-0.00018525713445365161,4.296183632821073e-5,4.296099049636244e-5,-0.00018526643538783048,-1.7144685263400414e-5,-1.7147886775265645e-5,-4.6352981916841e-5,-0.00011049082863998999,-0.0002877760057285382,-0.00028778135752871017,-0.0001104924418198796,-7.822802715126981e-5,-7.822925434561763e-5
-0.0009282796208746224,-0.0003092818677515357,-8.967121150637004e-5,-5.8189748355794984e-5,-0.0002124480604299653,-0.0007235467068078796,0.008887763704096966,-0.00016205994139794743,-0.000617349539405704,-0.0006024362462816515,-0.0006958066472103125,-0.0009376154564405359,-0.0007162986078020889,-0.00023330750741446473,-0.0002987430474060122,4.4553283050578525e-5,4.084933296593441e-5,-0.0002497113748894588,-0.00028078306792818966,3.7217903837318214e-5,-1.4120255422037372e-5,-1.8741771868014334e-5,-0.0002294962095996952,-0.00016126679426067716,-2.1259424737214662e-5,-1.946348744467731e-5,-0.00015949816117372055,-3.833722838129323e-5,-3.7518736596165704e-5,3.393355987839802e-5,8.447938971971379e-6,-0.00012248418493033956,-0.00012177205571776951,8.597549667172204e-6,-1.6259023252398093e-5,-1.61173055421047e-5,-0.00013739901040626064,-7.93522148434162e-5,8.711888293421269e-6,8.678748708679302e-6,-7.941140444278967e-5,-1.2704130851036443e-5,-1.2727822258248937e-5,1.772458060593313e-5,-6.699109996935869e-6,-8.514544164105253e-5,-8.51745404267568e-5,-6.707267640741092e-6,-1.6332439723738472e-5,-1.633903181429131e-5,-0.00010564260865196984,-5.1361829830751496e-5,1.1267858580759192e-5,1.1268386629143278e-5,-5.135949413507326e-5,-5.042615282582379e-6,-5.0418444986524e-6,-1.2446251022011561e-5,-2.9786962581354413e-5,-7.82289533037771e-5,-7.82277569542252e-5,-2.9786659045177473e-5,-2.111717598725389e-5,-2.111687911952879e-5
-0.0009282796255964367,-0.0007235467168687331,-0.00021244807530124753,-5.818974407615438e-5,-8.967121389210046e-5,-0.00030928186597043193,-0.00016205994139794743,0.008887763703456852,-0.0006173493270411863,-0.0007162986447509538,-0.0009376154809420553,-0.0006958066591123719,-0.0006024360415778028,-0.00029874308088496124,-0.00023330756301489933,4.455337097974929e-5,3.7217788921382404e-5,-0.00028078295290783585,-0.00024971083201677605,4.0849298824777004e-5,-1.874192185401882e-5,-1.4120567048210498e-5,-0.00022949641888877405,-0.00015949814609565342,-1.9463178271733275e-5,-2.1259184828867873e-5,-0.00016126711548877345,-3.751861123014157e-5,-3.8337375384744484e-5,3.393356689894981e-5,8.597675409314215e-6,-0.00012177203868735479,-0.00012248436429277156,8.447896967319193e-6,-1.611726729812189e-5,-1.625908275662942e-5,-0.00013739906340045596,-7.941136298497692e-5,8.678810909582457e-6,8.711846650892088e-6,-7.935225680832276e-5,-1.2727803837600641e-5,-1.2704127405187187e-5,1.772471101759075e-5,-6.70713652942427e-6,-8.517452856148594e-5,-8.514536922856871e-5,-6.698985915505642e-6,-1.6339024707278663e-5,-1.633236686676005e-5,-0.00010564279857893853,-5.135966213289512e-5,1.1268304632891234e-5,1.1268010271582312e-5,-5.136188950486998e-5,-5.0418581385490564e-6,-5.042633637873488e-6,-1.2446268761726235e-5,-2.9786662125606248e-5,-7.82278485189108e-5,-7.822912893165586e-5,-2.9787050078062663e-5,-2.111691659932851e-5,-2.111720420920289e-5
-0.0050046084132031625,-0.003091435614305295,-0.0008242979765319587,-0.0002866299173126153,-0.0008242982384174746,-0.0030914356361315823,-0.000617349539405704,-0.0006173493270411863,0.04736971458897562,-0.0036287776815491293,-0.004227394476249099,-0.00422739447170048,-0.0036287776872901407,-0.0013316669376397603,-0.0013316669368364474,-0.0018609391833624659,-0.002063762142061705,-0.002955050272996477,-0.0029550502856125166,-0.0020637621447691917,-0.0008418630732513556,-0.000841863067656143,0.0002605105172248046,4.969287288731788e-5,-0.0009156735222252671,-0.0009156736068982431,4.9692887135811275e-5,-8.82653922189528e-5,-8.826516669787994e-5,-0.0001414460335689269,-5.263532734203553e-5,0.0001597085993335848,0.00015970862905538956,-5.2635014366445554e-5,1.6388242335754623e-5,1.6387953157211674e-5,0.00010897606383292517,3.562758927942409e-5,-9.190544533234042e-5,-9.190507965193069e-5,3.562781058220869e-5,-1.0342108650507738e-5,-1.0342052747940336e-5,-2.1257593467607478e-5,9.736170251298866e-6,7.824596715313901e-5,7.824593415789053e-5,9.73635197809069e-6,1.751156332647311e-5,1.751143918792448e-5,7.944418790897048e-5,3.169362276784799e-5,-1.9967738652299276e-5,-1.9967715660826645e-5,3.1693701480205564e-5,-2.795710240425269e-7,-2.7938762105369476e-7,1.0871574862176304e-5,2.5261877356703006e-5,6.175729914172564e-5,6.175740655041704e-5,2.526194049497485e-5,1.7724484868328385e-5,1.7724504164001093e-5
-0.0049661826440831345,-0.0028707337793327675,-0.0008226733605794971,-0.0003194824061826539,-0.0009551697974221916,-0.0034407027018856966,-0.0006024362462816515,-0.0007162986447509538,-0.0036287776815491293,0.04221267701444192,-0.0032532097299131893,-0.004782856170718528,-0.004257959959711704,-0.0008330140516853111,-0.0015685756129094888,-0.0008040624093339614,-0.0010258814193799249,-0.002104749619659134,-0.0029241718539832376,-0.0012826573500250276,-0.0004999687489138488,-0.0006668545999446954,0.00014133522974211813,0.00011650628127962027,-0.0002628991611943621,-0.0003235633124254078,0.00010552614961799851,1.1023409571553511e-5,1.5407124462556595e-6,-8.318112885067297e-5,-6.10258405811398e-5,5.144487695179269e-5,5.2422991430117264e-5,-5.9056916193812425e-5,-9.453767681174234e-6,-8.600210947218824e-6,7.976104493261645e-5,4.684546687272438e-5,-3.363125577192304e-5,-3.283976455712648e-5,4.7026281986934854e-5,4.849992917770902e-6,4.992482183520634e-6,-1.9967851533810075e-5,-4.555142714925369e-6,4.6076918440999215e-5,4.6062457124596335e-5,-4.5863363020077785e-6,6.568668406102861e-6,6.554270649057074e-6,5.8911938260585436e-5,2.926026474700527e-5,-1.0316960763016446e-5,-1.0328261629310772e-5,2.9259401344264784e-5,2.6406444158004297e-6,2.6392449706189655e-6,6.45848879909315e-6,1.579031748421568e-5,4.2960785570696074e-5,4.2962050242957845e-5,1.5790871599081537e-5,1.126801588809016e-5,1.1268427073546107e-5
-0.005252904863030237,-0.0029921775509431535,-0.0009829433007641658,-0.0004290108946693021,-0.0012633738969914188,-0.004194440506163051,-0.0006958066472103125,-0.0009376154809420553,-0.004227394476249099,-0.0032532097299131893,0.047090824087877646,-0.005636474891688614,-0.004782856190050959,-0.0009776724781924986,-0.0018643058703286335,0.00017672487406540663,-0.00012190794404491216,-0.0019988887619823573,-0.0024383307897296014,-0.00021312038755932008,-0.0002661505794123254,-0.00034093556170318256,-0.000637485005280459,-0.00035636961751683377,9.771288111168526e-5,9.639503974496436e-5,-0.00034543409520519295,-5.156065858736486e-5,-4.752181168315419e-5,7.224982358937635e-5,-2.986648612735765e-5,-0.00038986446007082304,-0.00038395883124093074,-2.8050139233190933e-5,-7.174936873097206e-5,-7.037081661566969e-5,-0.00032697351206103934,-0.00016667037099407764,4.3092400520711276e-5,4.312401176321436e-5,-0.00016703623663010648,-1.8467457156158796e-5,-1.8590140210727824e-5,3.1693286320552936e-5,-3.3121433652344865e-5,-0.00021601305564584002,-0.0002162277921917255,-3.319110955537672e-5,-4.691292041124998e-5,-4.6965485665922384e-5,-0.0002456376239187904,-0.00011282177398375537,2.9260119167892908e-5,2.925912751593607e-5,-0.00011280560818933024,-8.697888304119032e-6,-8.69292699770513e-6,-3.088920008438738e-5,-7.281386312284671e-5,-0.0001852659422595072,-0.00018525659954355132,-7.281124819821832e-5,-5.136181913608565e-5,-5.13595519041402e-5
-0.00525290487901227,-0.004194440502803469,-0.0012633739247855866,-0.0004290108865072687,-0.0009829432833200974,-0.0029921775455745633,-0.0009376154564405359,-0.0006958066591123719,-0.00422739447170048,-0.004782856170718528,-0.005636474891688614,0.047090824090620355,-0.003253209717003447,-0.001864305875186592,-0.0009776724781840093,0.00017672483920478562,-0.00021312062119168584,-0.002438330824615286,-0.0019988887244373876,-0.00012190773431060783,-0.0003409355348713656,-0.0002661505601716238,-0.0006374848441449756,-0.00034543411197188775,9.639546225640464e-5,9.771274825398604e-5,-0.00035637012966660233,-4.7521577926214834e-5,-5.156063544083804e-5,7.22492863784061e-5,-2.8050157500757276e-5,-0.0003839584403118471,-0.00038986444086716083,-2.986673806552489e-5,-7.037077294983602e-5,-7.17492786975938e-5,-0.00032697385671127857,-0.00016703642499401808,4.312366513805086e-5,4.3091947234834025e-5,-0.00016667051783171577,-1.859009012700542e-5,-1.8467440808724864e-5,3.169297483145893e-5,-3.319109285960656e-5,-0.000216227743688471,-0.00021601318948674607,-3.312171881751644e-5,-4.6965464108822786e-5,-4.691291730847123e-5,-0.0002456370384353003,-0.00011280525859676827,2.9258998861761688e-5,2.9259907182601567e-5,-0.00011282153630701718,-8.692772761295508e-6,-8.698000944253304e-6,-3.0889156272170716e-5,-7.281104455183045e-5,-0.00018525613418196563,-0.00018526562754138642,-7.281382738501239e-5,-5.135945359001096e-5,-5.1361743474210986e-5
-0.004966182632794939,-0.003440702623327059,-0.0009551699588396644,-0.00031948223363600334,-0.0008226736664097936,-0.002870733796060993,-0.0007162986078020889,-0.0006024360415778028,-0.0036287776872901407,-0.004257959959711704,-0.004782856190050959,-0.003253209717003447,0.04221267701172318,-0.0015685756133901063,-0.0008330140513641512,-0.0008040623792826545,-0.0012826573321190172,-0.002924171856691204,-0.0021047496227864656,-0.0010258814033399476,-0.000666854610557411,-0.0004999687545167103,0.00014133543628177793,0.00010552617407849586,-0.0003235633723700324,-0.0002628991084324308,0.00011650589125615915,1.5406222217490462e-6,1.102327336573519e-5,-8.318136704674326e-5,-5.905694695322244e-5,5.242314041868272e-5,5.1444868528354086e-5,-6.102525625104422e-5,-8.600095369450143e-6,-9.453755539339111e-6,7.976117614358123e-5,4.7026217559964645e-5,-3.2840029404955356e-5,-3.363116922787655e-5,4.6845696811652666e-5,4.9927280846726995e-6,4.8502379178863556e-6,-1.9967951799105338e-5,-4.586481872045086e-6,4.606259627217408e-5,4.6076890889664656e-5,-4.5552309770371645e-6,6.554339085278287e-6,6.5685477855406475e-6,5.891184412781016e-5,2.9259433652298955e-5,-1.0328158547344556e-5,-1.0317092223462494e-5,2.9260239983873442e-5,2.639223963217573e-6,2.6406975593074324e-6,6.458453930879927e-6,1.5790753726772076e-5,4.2961854823711196e-5,4.296075983508746e-5,1.5790295850358483e-5,1.1268388033264545e-5,1.1267960655241188e-5
-0.0018575196815172935,-0.0010526149706756556,-0.0003236224659574438,-0.00013385668474869683,-0.0003998804138752256,-0.0013805274304030041,-0.00023330750741446473,-0.00029874308088496124,-0.0013316669376397603,-0.0008330140516853111,-0.0009776724781924986,-0.001864305875186592,-0.0015685756133901063,0.015570956454982597,-0.000606695964421442,-4.057236913892733e-5,-0.00014553774065827728,-0.0006662667481342014,-0.0008904584865208577,-0.00019984298991749654,-0.00011708702317964925,-0.00015736276290648926,-7.600015685378941e-5,-2.4889169334394307e-5,1.4260650486011036e-5,8.366385352051596e-6,-2.2154509132129138e-5,2.3247347017950666e-6,2.833901924515369e-6,-2.7950649536541334e-6,-1.942622022897381e-5,-5.809944022547329e-5,-5.602198296549173e-5,-1.863037721799898e-5,-1.5409790194461663e-5,-1.486982190456579e-5,-2.999308984942287e-5,-1.0984915930195201e-5,4.695329201208844e-6,4.786042924521106e-6,-1.1084782969753036e-5,2.3393579271021682e-7,2.087399298529819e-7,-2.79532152678856e-7,-7.310403712783192e-6,-2.2733627973838532e-5,-2.280435943018913e-5,-7.336035602932415e-6,-6.170539453179596e-6,-6.188949771544891e-6,-2.1789418472921836e-5,-8.698006562259657e-6,2.6407640930712603e-6,2.639216539151742e-6,-8.692949747557522e-6,-2.292020814615765e-7,-2.2775519451557848e-7,-3.1650667312414786e-6,-7.226618093862554e-6,-1.7147986594003807e-5,-1.714485054815889e-5,-7.225705263477242e-6,-5.042657917212219e-6,-5.041892415006923e-6
-0.001857519694031158,-0.0013805274411634457,-0.0003998804336038227,-0.00013385672301005562,-0.0003236223674921345,-0.001052614962110588,-0.0002987430474060122,-0.00023330756301489933,-0.0013316669368364474,-0.0015685756129094888,-0.0018643058703286335,-0.0009776724781840093,-0.0008330140513641512,-0.000606695964421442,0.015570956458363172,-4.057240218875029e-5,-0.00019984289036443148,-0.000890458489584085,-0.0006662667447388546,-0.00014553789059304248,-0.00015736272742956567,-0.00011708699576577746,-7.600043691635543e-5,-2.215478208367193e-5,8.366217648070725e-6,1.4260938653818142e-5,-2.4888247897961117e-5,2.8340754755121244e-6,2.3246280764657804e-6,-2.795202593962751e-6,-1.8630373532061825e-5,-5.602237868820238e-5,-5.8099578823993605e-5,-1.942652330407594e-5,-1.4869872905528024e-5,-1.5409911062078753e-5,-2.9993221673933196e-5,-1.1084845261865087e-5,4.786088080725896e-6,4.695102973874449e-6,-1.0984972999405285e-5,2.0882534193511187e-7,2.3393926533967651e-7,-2.79708981753929e-7,-7.336091479252597e-6,-2.2804341400495914e-5,-2.273369619647712e-5,-7.310532636972761e-6,-6.1889278519699955e-6,-6.170567172986248e-6,-2.178906468989602e-5,-8.692735964832126e-6,2.639192837836235e-6,2.6405948118566816e-6,-8.69787794915147e-6,-2.277119153605204e-7,-2.2922424328408497e-7,-3.1650322334065704e-6,-7.2256161316354645e-6,-1.7144603786369037e-5,-1.71477341636552e-5,-7.226533852417264e-6,-5.0418241502083586e-6,-5.042602444589794e-6
0.00036634925994657053,0.00023562207960246237,5.7272007210515974e-5,1.62840348525482e-5,5.727225269428588e-5,0.00023562190453473172,4.4553283050578525e-5,4.455337097974929e-5,-0.0018609391833624659,-0.0008040624093339614,0.00017672487406540663,0.00017672483920478562,-0.0008040623792826545,-4.057236913892733e-5,-4.057240218875029e-5,0.05098283388263726,-0.003536749962120047,-0.0022265268537881963,-0.002226526853630863,-0.003536749962224797,-0.00098578696365318,-0.0009857869620754384,-0.004249504083336589,-0.004071956845833679,-0.004231720798979727,-0.004231720806429147,-0.004071956839239305,-0.0014727043577242283,-0.001472704364388122,0.00030463659523583664,-2.9078355316328187e-5,-0.00215663302541954,-0.002156633023684442,-2.9078292946116517e-5,-0.00026667211461835287,-0.0002666722141434429,-0.0010836449796290492,-0.000618839686559701,0.00011007309804346616,0.00011007354185596335,-0.0006188397571768422,-9.665265762655602e-5,-9.665278324523344e-5,0.00010897644777423167,-7.42769616691056e-5,-0.0006746509650779847,-0.0006746512395379474,-7.427714274537354e-5,-0.00013129635528895988,-0.00013129647036573636,-0.000684073728762932,-0.0003269737734416862,7.976165416077916e-5,7.976090879918537e-5,-0.0003269739942187478,-2.999311549916238e-5,-2.9993235210022133e-5,-8.097650647803321e-5,-0.00019379506849369113,-0.0005076345894355125,-0.0005076347361432334,-0.0001937952558934246,-0.00013739993315881117,-0.00013739967613232075
9.367039250595248e-5,0.00012280457397805442,5.783062897268518e-5,2.3474657323278117e-5,5.364747295020535e-5,9.905511452208698e-5,4.084933296593441e-5,3.7217788921382404e-5,-0.002063762142061705,-0.0010258814193799249,-0.00012190794404491216,-0.00021312062119168584,-0.0012826573321190172,-0.00014553774065827728,-0.00019984289036443148,-0.003536749962120047,0.038559757123957344,-0.001672648836117185,-0.002491960648880197,-0.0034660030190489504,-0.0005245180594664134,-0.0010126114188739436,-0.0022608494989292626,-0.002104305008534385,-0.00249108937244219,-0.0035009605421662433,-0.0025846240512615217,-0.0007858644982691168,-0.0010542852447861502,0.00017809135984708774,6.48436733943816e-5,-0.0010038070086490667,-0.0011489886072239732,3.689619566283402e-5,-9.571634207493824e-5,-0.00012096294849199637,-0.0006746505764647025,-0.0004181365498592071,2.4065015498421805e-5,2.667680901324685e-5,-0.00041195812033496934,-7.859309711080906e-5,-7.614688422228911e-5,7.82457177433866e-5,-2.7695118498690964e-5,-0.00040555748315012675,-0.00040254129800602537,-2.682669852402128e-5,-7.294379851775665e-5,-7.225848672131253e-5,-0.00043619636113584624,-0.00021601275200807296,4.607676016640636e-5,4.6062304429028787e-5,-0.00021622767924378344,-2.2733511869054257e-5,-2.2804275370997947e-5,-4.9546693395200994e-5,-0.0001197155477756846,-0.0003199362669693244,-0.0003200574038290745,-0.00011975007395371537,-8.514608374246694e-5,-8.517500399307544e-5
-0.0023924968597148944,-0.0013473183866791784,-0.00033089726112015526,-0.00011492145877353699,-0.00036704479485290557,-0.0015046004240896708,-0.0002497113748894588,-0.00028078295290783585,-0.002955050272996477,-0.002104749619659134,-0.0019988887619823573,-0.002438330824615286,-0.002924171856691204,-0.0006662667481342014,-0.000890458489584085,-0.0022265268537881963,-0.001672648836117185,0.036248847535316195,-0.0030099430405501138,-0.002491960645790432,-0.0004924569600295083,-0.0009282447452930318,-0.00014017378765416805,-0.0003251663884543649,-0.0012034774334868815,-0.001522503002815695,-0.0004511026131578036,-0.000218255696179625,-0.0002935341786345569,-5.579438774593841e-5,1.4557721464053682e-5,1.418531144358916e-5,-1.732093323628916e-5,1.2033278067337409e-5,1.858839204251995e-5,1.4268749508982186e-5,-7.42775992572443e-5,-8.285401740388248e-5,-7.615151341133006e-5,-7.362434347569646e-5,-8.065047435853399e-5,-3.2634854382786294e-5,-3.1613683896104336e-5,9.73655003115904e-6,1.1434193347797123e-5,-2.7694583650776515e-5,-2.6826771243497438e-5,1.162623923130975e-5,8.2326241517931e-7,9.978944041781243e-7,-4.858469952268528e-5,-3.3121335015768995e-5,-4.555275524666315e-6,-4.5861201740527385e-6,-3.319050608689137e-5,-7.31044727971986e-6,-7.335779296004323e-6,-3.1696901766245507e-6,-8.980528181567079e-6,-3.135267050809867e-5,-3.1387809361036934e-5,-8.990109388108135e-6,-6.6993301112777565e-6,-6.707395941812457e-6
-0.0023924968093933913,-0.0015046005750339983,-0.00036704446941696154,-0.00011492153970646233,-0.0003308977067824641,-0.00134731858721432,-0.00028078306792818966,-0.00024971083201677605,-0.0029550502856125166,-0.0029241718539832376,-0.0024383307897296014,-0.0019988887244373876,-0.0021047496227864656,-0.0008904584865208577,-0.0006662667447388546,-0.002226526853630863,-0.002491960648880197,-0.0030099430405501138,0.03624884753299734,-0.0016726488309855272,-0.0009282447444090969,-0.0004924569609785626,-0.00014017378097648878,-0.00045110266589715154,-0.0015225030178557498,-0.0012034774448142036,-0.00032516638811936537,-0.00029353411658990936,-0.0002182557057118085,-5.579505408891736e-5,1.2033598869899727e-5,-1.7320917432062665e-5,1.4185314614703593e-5,1.4557997267775723e-5,1.4268660672923731e-5,1.8588532574753367e-5,-7.427719832406329e-5,-8.065051066786574e-5,-7.362466084220882e-5,-7.615174752235826e-5,-8.28540897696974e-5,-3.1613438947925646e-5,-3.26345221909374e-5,9.736578909603534e-6,1.162594045415514e-5,-2.6826768350850582e-5,-2.7694538256052186e-5,1.1434204759118409e-5,9.97889742120714e-7,8.231036056750556e-7,-4.85847775482836e-5,-3.31906844391372e-5,-4.58620699296583e-6,-4.555162303736038e-6,-3.3121276647890316e-5,-7.335966620021716e-6,-7.310287071814312e-6,-3.1696595168218617e-6,-8.99005918723115e-6,-3.138780804046304e-5,-3.1352610176416596e-5,-8.980465329467179e-6,-6.707416094137043e-6,-6.699233406234642e-6
9.367020721975323e-5,9.90550746201678e-5,5.3647329099356724e-5,2.347465144831326e-5,5.7830648384387054e-5,0.00012280465189662423,3.7217903837318214e-5,4.0849298824777004e-5,-0.0020637621447691917,-0.0012826573500250276,-0.00021312038755932008,-0.00012190773431060783,-0.0010258814033399476,-0.00019984298991749654,-0.00014553789059304248,-0.003536749962224797,-0.0034660030190489504,-0.002491960645790432,-0.0016726488309855272,0.038559757109354956,-0.0010126114173782325,-0.0005245180595653579,-0.0022608494937865677,-0.002584624075731321,-0.00350096054392463,-0.0024910893674344597,-0.002104305013450154,-0.0010542852280177924,-0.0007858644931335226,0.00017809164995554098,3.689598910456339e-5,-0.0011489885883804159,-0.0010038070326253538,6.484345708237916e-5,-0.00012096296512871822,-9.571623763677829e-5,-0.0006746503963581874,-0.00041195822328887825,2.6677327456877303e-5,2.4064757244311803e-5,-0.00041813667818711735,-7.614672169305533e-5,-7.859306491251365e-5,7.824557765426419e-5,-2.6826863501136893e-5,-0.0004025416310583477,-0.000405557061475639,-2.7694991642456744e-5,-7.225853891316529e-5,-7.29437095128803e-5,-0.0004361964106162974,-0.00021622787541951164,4.606228358421758e-5,4.6076130479102414e-5,-0.00021601316953606168,-2.2804420253328235e-5,-2.27336873490055e-5,-4.954659926566318e-5,-0.00011974972668669988,-0.0003200570036592985,-0.0003199361637128006,-0.00011971546913240598,-8.517500942064429e-5,-8.514575689420626e-5
-0.0002445446862032244,-0.00011424067201657442,-1.7025413350019273e-5,-4.1257104060077e-6,-2.238613675285313e-5,-0.0001387473240033545,-1.4120255422037372e-5,-1.874192185401882e-5,-0.0008418630732513556,-0.0004999687489138488,-0.0002661505794123254,-0.0003409355348713656,-0.000666854610557411,-0.00011708702317964925,-0.00015736272742956567,-0.00098578696365318,-0.0005245180594664134,-0.0004924569600295083,-0.0009282447444090969,-0.0010126114173782325,0.011802128654551623,-0.00033041923165595146,-0.0003191039936037826,-0.0003514705716287889,-0.000609942808835889,-0.0008239871111939678,-0.0004454385548667688,-0.0001567676358691209,-0.00021050877811041118,1.6160708087351365e-5,2.4101860918099568e-5,-0.00011375959343609987,-0.00014043721301257178,2.0263667822892078e-5,-2.68078246279564e-6,-6.975889918970123e-6,-0.0001312965738590082,-9.371284368824545e-5,-1.9267363982826603e-5,-1.79691347969052e-5,-9.214676254518904e-5,-2.295637852299825e-5,-2.2280563155044472e-5,1.751163364477456e-5,8.230937248388704e-7,-7.294380616392087e-5,-7.225848039861566e-5,9.979867036635857e-7,-1.0923732321861421e-5,-1.0776587035151524e-5,-8.851842829222621e-5,-4.6912782018552176e-5,6.568602346612537e-6,6.554405615327956e-6,-4.696530786653583e-5,-6.170488977889168e-6,-6.188831694790064e-6,-9.255539692116723e-6,-2.2815191309869443e-5,-6.348210045489611e-5,-6.35101932260759e-5,-2.2823031152519696e-5,-1.6332594994189913e-5,-1.6339170110601302e-5
-0.0002445449186097932,-0.00013874712681948424,-2.2386295107996402e-5,-4.125684605869383e-6,-1.7025316619722808e-5,-0.00011424043463668784,-1.8741771868014334e-5,-1.4120567048210498e-5,-0.000841863067656143,-0.0006668545999446954,-0.00034093556170318256,-0.0002661505601716238,-0.0004999687545167103,-0.00015736276290648926,-0.00011708699576577746,-0.0009857869620754384,-0.0010126114188739436,-0.0009282447452930318,-0.0004924569609785626,-0.0005245180595653579,-0.00033041923165595146,0.011802128654896953,-0.00031910404253944415,-0.00044543845360166706,-0.0008239871090346294,-0.0006099428046672679,-0.0003514705654949081,-0.00021050882877800476,-0.0001567676261711921,1.6160768851459127e-5,2.0263772819170504e-5,-0.00014043728172994402,-0.0001137595316361142,2.4101546190838812e-5,-6.9759455791356064e-6,-2.6807688865240388e-6,-0.00013129644224001808,-9.214686207883626e-5,-1.7969135305333286e-5,-1.926743230321829e-5,-9.371301288686432e-5,-2.2280527311613245e-5,-2.2956255367048195e-5,1.7511969237490738e-5,9.98168349047467e-7,-7.225842409858143e-5,-7.294374383482367e-5,8.232970349784666e-7,-1.0776527928178556e-5,-1.0923733650963765e-5,-8.851870373784764e-5,-4.6965493227425646e-5,6.554553843866592e-6,6.568704198110182e-6,-4.6912956956934424e-5,-6.1888884122034735e-6,-6.1704811049645525e-6,-9.255533693060779e-6,-2.282300638896058e-5,-6.351028115630018e-5,-6.34822517473336e-5,-2.2815218467833082e-5,-1.6339210879620532e-5,-1.633255810242994e-5
-0.0012410190609366684,-0.0008913572284748745,-0.0003201916388153484,-0.00012944928408570493,-0.0003201919985190176,-0.0008913563628573346,-0.0002294962095996952,-0.00022949641888877405,0.0002605105172248046,0.00014133522974211813,-0.000637485005280459,-0.0006374848441449756,0.00014133543628177793,-7.600015685378941e-5,-7.600043691635543e-5,-0.004249504083336589,-0.0022608494989292626,-0.00014017378765416805,-0.00014017378097648878,-0.0022608494937865677,-0.0003191039936037826,-0.00031910404253944415,0.04959881176212807,-0.0039680893580548255,-0.00395439540558505,-0.003954395403161079,-0.003968089358054567,-0.0013877156180455165,-0.0013877156183353793,-0.0020307198612767533,-0.0022975071419341574,-0.003373019029531705,-0.0033730190327523548,-0.0022975071350225243,-0.0009644837052439801,-0.0009644837147973391,0.00030463653856443865,9.689498910094146e-5,-0.0009542531300807378,-0.000954253113949654,9.689488345609437e-5,-7.873515143203302e-5,-7.873515302726298e-5,-0.00014144675929207815,-5.579474043592272e-5,0.00017809155463403085,0.00017809191645892338,-5.579487243638799e-5,1.6160645771566966e-5,1.61604729925247e-5,0.00017087757847497338,7.225019136407123e-5,-8.318074861845001e-5,-8.318075018301591e-5,7.224997805137176e-5,-2.795529505239431e-6,-2.7953830209354545e-6,1.9405860897371143e-5,4.7563292408734486e-5,0.00012734511148054757,0.00012734553508730875,4.75635697435464e-5,3.393398663428858e-5,3.393398947857976e-5
-0.0007874004048339703,-0.0005915765765455858,-0.0002270422531987049,-9.425897597050026e-5,-0.00022496158225307134,-0.0005845450746460198,-0.00016126679426067716,-0.00015949814609565342,4.969287288731788e-5,0.00011650628127962027,-0.00035636961751683377,-0.00034543411197188775,0.00010552617407849586,-2.4889169334394307e-5,-2.215478208367193e-5,-0.004071956845833679,-0.002104305008534385,-0.0003251663884543649,-0.00045110266589715154,-0.002584624075731321,-0.0003514705716287889,-0.00044543845360166706,-0.0039680893580548255,0.04253313878836532,-0.0028791590674367936,-0.004275808938016892,-0.004425273006964095,-0.000805316323151873,-0.0015361051475204226,-0.0009542530341492942,-0.0011915446789644913,-0.0023485028578655066,-0.0032875733385435623,-0.001498540978616835,-0.0005785522550834694,-0.0007780820588755737,0.00011007280734765455,0.00010875782980458751,-0.00031046124086195776,-0.0003790000222698741,9.951483126398642e-5,7.402309710329477e-6,-2.169986871075173e-6,-9.190587501629973e-5,-7.615102020171218e-5,2.4065055269953654e-5,2.6677048734180075e-5,-7.362457415133323e-5,-1.926687970605983e-5,-1.7969456102939502e-5,6.876323751852493e-5,4.309301733107891e-5,-3.36310064698311e-5,-3.283950593846291e-5,4.312352979019207e-5,4.69491604361516e-6,4.785692924737915e-6,3.5279704094714247e-6,1.1366048001908185e-5,4.397636680586196e-5,4.387981108772627e-5,1.1326627426694278e-5,8.711929893955914e-6,8.678963249997598e-6
5.244900321083926e-5,-7.574454592553644e-6,-3.456419625091139e-5,-2.0367627219481587e-5,-3.2437894888286725e-5,-2.1386353201115262e-6,-2.1259424737214662e-5,-1.9463178271733275e-5,-0.0009156735222252671,-0.0002628991611943621,9.771288111168526e-5,9.639546225640464e-5,-0.0003235633723700324,1.4260650486011036e-5,8.366217648070725e-6,-0.004231720798979727,-0.00249108937244219,-0.0012034774334868815,-0.0015225030178557498,-0.00350096054392463,-0.000609942808835889,-0.0008239871090346294,-0.00395439540558505,-0.0028791590674367936,0.04335653880457526,-0.004650713978306139,-0.004275808941007201,-0.0008283368515556313,-0.0015846546854978159,9.689500274500743e-5,-0.00023598845072242972,-0.001974011048135048,-0.002429332486737144,-0.0003499073659400125,-0.0003043018289237219,-0.0003903320617700932,-0.0006188389331967793,-0.0003030966309862871,0.0001087576114345875,9.951469470380335e-5,-0.000293590621858758,-2.8376107442938753e-5,-2.5783013314511725e-5,3.5627241795932604e-5,-8.285389872524384e-5,-0.0004181365608394075,-0.0004119583500700859,-8.065035519915056e-5,-9.371258811854751e-5,-9.214706275001375e-5,-0.0003746712944711915,-0.00016667019414358253,4.6845759593722106e-5,4.702603828329497e-5,-0.00016703693546932678,-1.0985065017446783e-5,-1.1085165848094364e-5,-4.7890352234229736e-5,-0.00011258134603394443,-0.0002840545294015681,-0.00028428988004648237,-0.00011265138878331862,-7.935273087702185e-5,-7.941163977024876e-5
5.2448742814265484e-5,-2.1374125311064266e-6,-3.243831328425121e-5,-2.0367785249652753e-5,-3.456393591689993e-5,-7.574981613981798e-6,-1.946348744467731e-5,-2.1259184828867873e-5,-0.0009156736068982431,-0.0003235633124254078,9.639503974496436e-5,9.771274825398604e-5,-0.0002628991084324308,8.366385352051596e-6,1.4260938653818142e-5,-0.004231720806429147,-0.0035009605421662433,-0.001522503002815695,-0.0012034774448142036,-0.0024910893674344597,-0.0008239871111939678,-0.0006099428046672679,-0.003954395403161079,-0.004275808938016892,-0.004650713978306139,0.043356538805386126,-0.002879159064090416,-0.001584654686307572,-0.0008283368513106883,9.689496530266756e-5,-0.00034990736553766366,-0.0024293324787937947,-0.001974011043787288,-0.00023598840413481683,-0.00039033207559141335,-0.0003043018877775728,-0.0006188397304978156,-0.0002935903889263858,9.951475160119514e-5,0.00010875778831937645,-0.0003030965288214019,-2.5783105585034494e-5,-2.837609327016801e-5,3.562723729755032e-5,-8.065037487954034e-5,-0.00041195828909461774,-0.00041813681111178483,-8.285350637440802e-5,-9.214696465107443e-5,-9.371230189564303e-5,-0.0003746712601383308,-0.0001670367915655896,4.702616454137225e-5,4.684547161332471e-5,-0.00016667036163775552,-1.1085084308577716e-5,-1.0985022366963427e-5,-4.789046384390941e-5,-0.00011265135771859173,-0.00028428971074511236,-0.0002840545817649364,-0.00011258156755531375,-7.941174957607177e-5,-7.935260759002667e-5
-0.0007874005911019088,-0.0005845456650151427,-0.00022496106707531617,-9.425859526725087e-5,-0.00022704243390482144,-0.0005915764700835655,-0.00015949816117372055,-0.00016126711548877345,4.9692887135811275e-5,0.00010552614961799851,-0.00034543409520519295,-0.00035637012966660233,0.00011650589125615915,-2.2154509132129138e-5,-2.4888247897961117e-5,-0.004071956839239305,-0.0025846240512615217,-0.0004511026131578036,-0.00032516638811936537,-0.002104305013450154,-0.0004454385548667688,-0.0003514705654949081,-0.003968089358054567,-0.004425273006964095,-0.004275808941007201,-0.002879159064090416,0.04253313877733146,-0.0015361051464158819,-0.0008053163231709362,-0.000954253023468476,-0.0014985409531585953,-0.003287573343253879,-0.002348502856621446,-0.0011915446753371674,-0.0007780820779501374,-0.0005785522518737534,0.00011007331288256725,9.951450422839558e-5,-0.00037900001587232147,-0.0003104612615822354,0.00010875781327883852,-2.1699057280974933e-6,7.402392285466405e-6,-9.190642262995341e-5,-7.362462751092706e-5,2.6677117187273657e-5,2.406504576501612e-5,-7.615141743176592e-5,-1.7969519198939213e-5,-1.9267080591496357e-5,6.876331625610055e-5,4.312384901758787e-5,-3.283949945859617e-5,-3.363087004944653e-5,4.309313349283578e-5,4.785833845588821e-6,4.695317914842041e-6,3.5278711172022324e-6,1.1326405392962919e-5,4.387962550732173e-5,4.397658506899633e-5,1.136604991891947e-5,8.678950663934264e-6,8.711918857068981e-6
