x1,x2,x3,x4,x5,x6,x7,x8,x9,x10,x11,x12,x13,x14,x15,x16,x17,x18,x19,x20,x21,x22,x23,x24,x25,x26,x27,x28,x29,x30,x31,x32,x33,x34,x35,x36,x37,x38,x39,x40,x41,x42,x43,x44,x45,x46,x47,x48,x49,x50,x51,x52,x53,x54,x55,x56,x57,x58,x59,x60,x61,x62,x63,x64
0.013978602942335163,-0.0007267254519100969,-0.0013762165985266727,-0.0019069764309791644,-0.002130314068042578,-0.0019806118856744983,-0.0015305193351390837,-0.000949417299081629,-0.0004271708146501162,-9.852547698621758e-5,-3.444780148913369e-8,-7.39027257844701e-5,-0.00021077804875947671,-0.0003070889396345369,-0.00030913612296159143,-0.00022605942485476836,-0.0001108912042914168,-2.4164904918549078e-5,-7.864032211008388e-7,-3.611610200861216e-5,-9.51608231683867e-5,-0.0001364000481158575,-0.00013541778764720232,-9.571625817652966e-5,-4.2657136367681885e-5,-6.121547913985441e-6,-2.9247751904539973e-6,-2.880893522136125e-5,-6.336506500872682e-5,-8.36244247903995e-5,-7.763729973777711e-5,-5.026939252887391e-5,-1.8661561103976978e-5,-9.720870681143457e-7,-5.5578556711431e-6,-2.6866512242555186e-5,-4.9878981883066335e-5,-5.979985701221784e-5,-5.087497532589515e-5,-2.9180433738480857e-5,-8.152039759393246e-6,-6.911465149977633e-9,-8.437759672459081e-6,-2.688043388002128e-5,-4.306783131476804e-5,-4.678611488769706e-5,-3.5985259658950254e-5,-1.7641514088919535e-5,-3.082619904321189e-6,-8.681957874671908e-7,-1.1647625628755879e-5,-2.80537862973264e-5,-3.950847375691364e-5,-3.8846284773827065e-5,-2.6632498518340932e-5,-1.0605158521182195e-5,-7.076243948964285e-7,-2.8749737594276244e-6,-1.5429534820580147e-5,-3.0254290172079465e-5,-3.794331397609157e-5,-3.367937463758181e-5,-2.0191790973527694e-5,-5.988088546676567e-6
-0.0007267254519100969,0.04864772247328339,-0.004988143054719147,-0.006931015202052548,-0.0077744792003365685,-0.007272197056295903,-0.005672602528208028,-0.003574839623837076,-0.0016596346366069816,-0.00041953353409434485,-1.7671051900968252e-6,-0.00021620181088494693,-0.0006822883356022713,-0.0010304424302256454,-0.0010601069583456692,-0.0007903314110187833,-0.00039804830519662646,-9.300488996312212e-5,-1.1966097387856867e-6,-0.00011324389558798643,-0.0003128843397690916,-0.00045760864136422993,-0.00046063306697526583,-0.00033007794983273483,-0.00015024946249065762,-2.3239627063283662e-5,-8.369070528353381e-6,-9.351802127067956e-5,-0.00021059655118225822,-0.0002812756235301868,-0.0002635606880242907,-0.00017242202339504391,-6.522846165217099e-5,-3.8443641544767815e-6,-1.7608111486972118e-5,-8.874110477121756e-5,-0.00016683270773441925,-0.00020150097119002626,-0.00017252162896859262,-9.975178536355146e-5,-2.8384859903765602e-5,-7.139675899971165e-9,-2.7660918449943367e-5,-8.963267146400947e-5,-0.00014459260521613483,-0.00015778780875667052,-0.00012188008967608209,-6.011843358043941e-5,-1.0710851442607972e-5,-2.765790979740966e-6,-3.877272697508979e-5,-9.406073918570654e-5,-0.0001329241862089211,-0.00013101557622502338,-9.004039745859425e-5,-3.599587096658405e-5,-2.4557082963947915e-6,-9.562136477151047e-6,-5.177662841634317e-5,-0.00010176889792756771,-0.00012778126427720905,-0.00011349722026147199,-6.807194565083613e-5,-2.0191765248477565e-5
-0.0013762165985266727,-0.004988143054719147,0.08793931515205983,-0.013255113321802667,-0.01497553568762899,-0.014157578464242223,-0.01122440410970768,-0.007266314527183923,-0.0035526811024555625,-0.001033104301827386,-3.55730334893143e-5,-0.0002622664177770618,-0.0010423910865935849,-0.0016938110931944955,-0.001817402790372475,-0.0014043807700643753,-0.0007412617139066456,-0.00019436513410796621,-1.2620617844197324e-8,-0.00016314561859987614,-0.0004963364263979708,-0.0007547188749361874,-0.0007797075805671527,-0.000572974128067975,-0.00027086509251920445,-4.747914198187028e-5,-9.852646105939014e-6,-0.00014489897009201634,-0.00034156050643918863,-0.0004666347320105412,-0.0004448289937373194,-0.0002965616515557684,-0.00011605251002958818,-8.36255933802689e-6,-2.6006577186050983e-5,-0.00014231076019776377,-0.0002739925646185245,-0.0003355443914662658,-0.00029069352604695065,-0.00017057149686775137,-5.0168017121024824e-5,-2.7837336862707174e-8,-4.3732981982003843e-5,-0.00014638954899023025,-0.00023919403319482696,-0.000263229043660277,-0.00020493620369908816,-0.00010223055765257692,-1.886156490456259e-5,-4.133571271568159e-6,-6.31283507587059e-5,-0.0001552319877542105,-0.00022078435355214927,-0.00021860275858591807,-0.0001509096482780435,-6.0768687100270016e-5,-4.3152634283932095e-6,-1.5544768624919936e-5,-8.558682809288627e-5,-0.00016898121775240672,-0.0002126311535469421,-0.0001890958948097092,-0.00011349702860759692,-3.3679274373881905e-5
-0.0019069764309791644,-0.006931015202052548,-0.013255113321802667,0.11790717744439763,-0.021299496076563614,-0.020461208782450335,-0.016618206115746173,-0.011185113436374176,-0.0058746101089027294,-0.002032762235976716,-0.00021368508109036177,-0.00013497735591103815,-0.000975309409741304,-0.0018332618753305087,-0.002122606507143493,-0.0017425898439337069,-0.0009900753679541775,-0.00030524024972028094,-5.1185376811098415e-6,-0.0001380171142386609,-0.0005087883993322995,-0.0008300130501528689,-0.000896795795854697,-0.0006871254086065655,-0.00034483358395267713,-7.221755115717834e-5,-5.080435740368455e-6,-0.00014280040143746162,-0.0003658505674180232,-0.0005198885527206432,-0.0005102247357951714,-0.0003509210718324156,-0.0001448976699508532,-1.3760758277213403e-5,-2.3414923507103502e-5,-0.00014963562643886819,-0.0003003629289092605,-0.00037664275677590925,-0.0003328154027912589,-0.0002000765588629494,-6.202441911044854e-5,-2.780206977588684e-7,-4.486438118549846e-5,-0.00015904557977743788,-0.00026564261290333915,-0.0002965279309714297,-0.000233926457840615,-0.00011887744559119229,-2.3192264625517683e-5,-3.81725117466411e-6,-6.824214037624496e-5,-0.00017175038335449574,-0.0002469552559231612,-0.00024638850397909126,-0.00017137167602975303,-6.984246424383139e-5,-5.28905510602945e-6,-1.67619682119452e-5,-9.49665031635509e-5,-0.00018893006231973306,-0.00023859850282855616,-0.00021263112316936492,-0.00012778101910858233,-3.794318959639579e-5
-0.002130314068042578,-0.0077744792003365685,-0.01497553568762899,-0.021299496076563614,0.13250348098852305,-0.024295290805133818,-0.0204081482058643,-0.014475686387858447,-0.008325009606119033,-0.0034954154242040018,-0.0007564633435231602,-1.7416809620224294e-7,-0.0004905557035668959,-0.00130651511917931,-0.0017581182684104045,-0.0016049739097421627,-0.001023316514889877,-0.0003915021626496838,-3.403721856039266e-5,-5.656583338082069e-5,-0.00033413775979501334,-0.0006265385454480993,-0.000734397508789137,-0.0006041431555050686,-0.00033317509251773805,-8.883686241332664e-5,-9.931701841145446e-8,-8.730586688432407e-5,-0.0002647052467289919,-0.0004045661126659966,-0.00041792434509451207,-0.00030292886965549784,-0.00013620236623039517,-1.85298649025209e-5,-1.1706150246332953e-5,-0.00010487642234950981,-0.00022762501935780222,-0.00029778185377432945,-0.0002723267073621756,-0.00017052285638354675,-5.748872512558942e-5,-1.076872355069286e-6,-3.0022386454359173e-5,-0.00011874647135950989,-0.00020635326297022485,-0.00023619699860908533,-0.00019062797169590653,-9.995556816263032e-5,-2.1327133926978686e-5,-2.0390821018449745e-6,-5.052298083614917e-5,-0.0001326169220754493,-0.0001944002438125439,-0.00019655955779154452,-0.00013849835418699996,-5.761165068417229e-5,-4.840674712010967e-6,-1.2357433226365538e-5,-7.372626717026473e-5,-0.0001486516327366752,-0.00018892968793706236,-0.0001689808662366562,-0.0001017684923872355,-3.0254125091720794e-5
-0.0019806118856744983,-0.007272197056295903,-0.014157578464242223,-0.020461208782450335,-0.024295290805133818,0.13237621328486096,-0.021689275401511117,-0.016470869122147947,-0.01056598543277372,-0.005425678248861336,-0.0019436406060148771,-0.0002880948856530119,-2.844236046154955e-5,-0.00045206494343211917,-0.0009081870200574119,-0.0010352263611441079,-0.0008056019035591264,-0.0004142215639946281,-0.00010005903555637685,-4.856087252869123e-7,-9.990672746549092e-5,-0.00027453525855222413,-0.00038664684690966483,-0.0003663223130246536,-0.00023822905216668716,-8.914813894672982e-5,-5.452622227761911e-6,-2.1465015926567382e-5,-0.00010671971507925787,-0.00019354563601491764,-0.00022292528900239028,-0.00017905309118376386,-9.355616832552524e-5,-2.0603326375170927e-5,-1.20921149181219e-6,-3.9397151396943636e-5,-0.00010336000887908176,-0.00014841189731587198,-0.0001457229276242665,-9.879618996147185e-5,-3.866716061362574e-5,-2.5071554384595296e-6,-1.0012700746221681e-5,-5.2311348256575685e-5,-9.933998658137252e-5,-0.00011994197238950066,-0.00010142999218402948,-5.655604450163429e-5,-1.4171604201921456e-5,-3.0317842468138845e-7,-2.1871174892051926e-5,-6.312202878977491e-5,-9.644574198433217e-5,-0.00010028308747887793,-7.25662528775449e-5,-3.1443479933640495e-5,-3.1921504990116423e-6,-5.302252942832042e-6,-3.553496960322783e-5,-7.372626625814366e-5,-9.496626956426515e-5,-8.55865950812034e-5,-5.177636681033375e-5,-1.5429429244149303e-5
-0.0015305193351390837,-0.005672602528208028,-0.01122440410970768,-0.016618206115746173,-0.0204081482058643,-0.021689275401511117,0.12220701275696245,-0.01683475764011449,-0.01226702375352008,-0.00770105953180129,-0.003985230699619209,-0.0015343617123060663,-0.0003189808552240339,-4.576871295881857e-7,-0.00013240711511253167,-0.0003406658769541278,-0.000421810988488501,-0.00034594690512484635,-0.00019102367171225723,-5.6679540240217596e-5,-1.0248910371560283e-6,-2.141573950228612e-5,-7.411104119760953e-5,-0.00011064137825781209,-0.00010667330648451642,-6.963085895194884e-5,-2.6233326146547775e-5,-1.819840513641452e-6,-5.179726803677259e-6,-2.6497765042005766e-5,-4.6923036738200086e-5,-5.181546262402609e-5,-3.905422568699704e-5,-1.8250858660862068e-5,-2.8487667296586694e-6,-1.0578619765375108e-6,-1.1376725334692056e-5,-2.4821788839429065e-5,-3.158001917571984e-5,-2.7364767839217763e-5,-1.5524365270802587e-5,-4.068341051169377e-6,-2.3903147027687366e-8,-4.9895301417954285e-6,-1.4585936142084976e-5,-2.18027898325375e-5,-2.1757253389674547e-5,-1.4717832367849154e-5,-5.553765949233014e-6,-2.4774588121279084e-7,-1.9067916696910436e-6,-8.889462409632926e-6,-1.613252119730957e-5,-1.8657167893964405e-5,-1.4842261299306131e-5,-7.35652541990553e-6,-1.2300970925055443e-6,-4.3994092565474707e-7,-5.302293505475564e-6,-1.235748623596919e-5,-1.6761946930430455e-5,-1.5544725175122356e-5,-9.562068688258492e-6,-2.8749442764724846e-6
-0.000949417299081629,-0.003574839623837076,-0.007266314527183923,-0.011185113436374176,-0.014475686387858447,-0.016470869122147947,-0.01683475764011449,0.10932719300355419,-0.01315919321296313,-0.010045266522741118,-0.006862444186679034,-0.004097966380429087,-0.0020412814420038457,-0.0007625900074703304,-0.00015265809622291848,-1.6761705721318743e-8,-7.523158564588274e-5,-0.00019618745990467382,-0.000260024189061403,-0.00024122303271611328,-0.0001663044123571336,-8.051933504032993e-5,-2.039875312797798e-5,-4.191516408090512e-8,-1.1758820426002042e-5,-3.610500431328392e-5,-5.4142543354854245e-5,-5.594807468114679e-5,-4.2664021605000324e-5,-2.291560181660185e-5,-6.683137492722452e-6,-7.880826021107457e-8,-3.23007332760257e-6,-1.1528427383888928e-5,-1.8895796024195888e-5,-2.1071505046960093e-5,-1.734060187306638e-5,-1.0187640114310559e-5,-3.445776029262909e-6,-1.2701659248340325e-7,-1.0461960457102543e-6,-4.768055819292377e-6,-8.686337249392412e-6,-1.0511941286518722e-5,-9.378741668505247e-6,-6.076195571896176e-6,-2.425823921937964e-6,-2.1820023222637874e-7,-3.102246404033948e-7,-2.2948474297929122e-6,-4.846575997367181e-6,-6.489706978925203e-6,-6.365941388739027e-6,-4.612008341557672e-6,-2.2062479715905664e-6,-3.998595201181593e-7,-5.5562604385495096e-8,-1.230188320301695e-6,-3.192391951078316e-6,-4.841049309645129e-6,-5.289487032756474e-6,-4.315627309372377e-6,-2.4559255632850344e-6,-7.076892243685143e-7
-0.0004271708146501162,-0.0016596346366069816,-0.0035526811024555625,-0.0058746101089027294,-0.008325009606119033,-0.01056598543277372,-0.01226702375352008,-0.01315919321296313,0.10131706891680113,-0.01205553855972479,-0.010223788991632204,-0.007894230809607702,-0.005442065775437143,-0.003233009353880774,-0.0015407150074338086,-0.0004901347722998384,-4.437428118128639e-5,-3.8430850550646295e-5,-0.0002470223136806782,-0.00046193056319716527,-0.0005518474429154173,-0.0004857781383709823,-0.00031628034580500827,-0.00013470804146917432,-2.0447749881255875e-5,-5.965875029455281e-6,-7.000104763204944e-5,-0.00015729257170239534,-0.00021148265981513377,-0.00020348662172372557,-0.00014208138370963921,-6.379640604511558e-5,-9.844942419916583e-6,-3.5049940160652993e-6,-3.968364032822316e-5,-9.083123578234806e-5,-0.00012435860289596208,-0.00012105966656687783,-8.44417113257459e-5,-3.6676831277726585e-5,-4.526252962955626e-6,-3.829470808996288e-6,-3.1349739937788085e-5,-6.798664596949916e-5,-9.07914049586532e-5,-8.63983060160594e-5,-5.815230103551651e-5,-2.3190816049805177e-5,-1.7425609116789725e-6,-5.1624745654055976e-6,-2.970297641878214e-5,-5.937137807798462e-5,-7.583753198131711e-5,-6.93247932359916e-5,-4.409354001467733e-5,-1.546525485237628e-5,-3.998968248677265e-7,-7.356533970884899e-6,-3.144343437405661e-5,-5.7611598383463386e-5,-6.984241516739577e-5,-6.076869741187228e-5,-3.5995877610287e-5,-1.0605159928919186e-5
-9.852547698621758e-5,-0.00041953353409434485,-0.001033104301827386,-0.002032762235976716,-0.0034954154242040018,-0.005425678248861336,-0.00770105953180129,-0.010045266522741118,-0.01205553855972479,0.1020000776844582,-0.013411337642312948,-0.012291658373859966,-0.010105979183687984,-0.00729440149498869,-0.004441296756743497,-0.0020961070714760055,-0.0006058168004510096,-2.4514116449268417e-5,-0.00013378568854755662,-0.0005606015321459237,-0.0009386286254246898,-0.0010434494698056893,-0.0008485754961406154,-0.0004885919460020458,-0.00015858155438598816,-4.6821847576490605e-6,-5.815345904578752e-5,-0.00023805973424085441,-0.0004110592597062236,-0.0004698029961753298,-0.0003867695841503725,-0.0002182846728400155,-6.261091176191537e-5,-5.3276279976186e-8,-4.978142067415918e-5,-0.0001654189978695271,-0.0002679755295033632,-0.00029411301909793887,-0.00023110024566887558,-0.00011975213021628815,-2.6281421449355843e-5,-1.6225445773482283e-6,-5.267794695651418e-5,-0.00014127272756475281,-0.00020962394238015734,-0.0002157584470788721,-0.00015751779164667988,-7.1625633479162e-5,-9.730778899522466e-6,-6.7196775899430045e-6,-6.050745435474958e-5,-0.0001348451495597966,-0.00018252396356290175,-0.0001743141358478053,-0.00011606915535573685,-4.409363814358164e-5,-2.2062105636631163e-6,-1.4842218292964587e-5,-7.256609154028884e-5,-0.0001384981673610182,-0.00017137138645514742,-0.0001509094980710994,-9.004025210164728e-5,-2.6632440996896293e-5
-3.444780148913369e-8,-1.7671051900968252e-6,-3.55730334893143e-5,-0.00021368508109036177,-0.0007564633435231602,-0.0019436406060148771,-0.003985230699619209,-0.006862444186679034,-0.010223788991632204,-0.013411337642312948,0.10941056096073838,-0.016252768210923602,-0.01500739215845813,-0.012168736458674521,-0.008452703787351721,-0.004777216465945783,-0.0019424307945831876,-0.0003704101924364902,-9.053577855029638e-6,-0.0004289476751878456,-0.0010554746398891597,-0.0014233273213117154,-0.0013411963537572746,-0.0009070289258878567,-0.0003899124967382227,-5.490091421142887e-5,-2.399679930086343e-5,-0.00023589133634297627,-0.0005090255015688071,-0.0006592608244650258,-0.0006016969382031008,-0.00038383819050634774,-0.00014088171345569452,-7.43483628958333e-6,-4.006226364974483e-5,-0.00019307871323054338,-0.0003556929077848346,-0.0004231005041719256,-0.000357353730849325,-0.00020370333388898543,-5.6712831295300387e-5,-2.3478402704640855e-8,-5.723844092884317e-5,-0.00018201890586509034,-0.0002905805733201053,-0.00031449534761667647,-0.00024106665420873738,-0.00011784365503878305,-2.055947150803039e-5,-5.641850593221531e-6,-7.668495664140892e-5,-0.00018452507965685885,-0.00025943379544725656,-0.0002546501118299571,-0.00017431433066351573,-6.932497803320212e-5,-4.611833518171002e-6,-1.8657119126692934e-5,-0.0001002829791863745,-0.00019655948708505872,-0.00024638821485938045,-0.00021860261738916587,-0.000131015357367017,-3.8846186882338964e-5
-7.39027257844701e-5,-0.00021620181088494693,-0.0002622664177770618,-0.00013497735591103815,-1.7416809620224294e-7,-0.0002880948856530119,-0.0015343617123060663,-0.004097966380429087,-0.007894230809607702,-0.012291658373859966,-0.016252768210923602,0.11800172223930254,-0.018843009477548574,-0.016650284260783133,-0.012720761206606469,-0.008141153727628539,-0.004064076456253989,-0.0013041442751051072,-0.00010204156223322589,-0.0001397113451628816,-0.0007728962096705712,-0.0013548244439147983,-0.0014987426678236444,-0.0011740498574931042,-0.0006216782922245437,-0.0001608760884819413,-1.0494710923208972e-7,-0.0001447468985089316,-0.00043098962295291116,-0.0006459861054220056,-0.0006554395766826572,-0.0004676247001157187,-0.00020755952079269321,-2.8153931376832808e-5,-1.6894319187860107e-5,-0.0001519775492345478,-0.0003274154233643099,-0.00042492874399045755,-0.00038572198759347087,-0.00023997621100911581,-8.057559172446743e-5,-1.5604693827213356e-6,-4.098551391243377e-5,-0.00016196437399448177,-0.000280470120397832,-0.0003198392646035532,-0.000257249990516753,-0.00013450737014618006,-2.8668096935222792e-5,-2.637554370181483e-6,-6.694970806985293e-5,-0.0001756147016554084,-0.0002570149326571597,-0.0002594339822575148,-0.00018252426642969242,-7.583770825385534e-5,-6.365638796444056e-6,-1.613252078320679e-5,-9.644582182021313e-5,-0.00019440045384008786,-0.0002469551780311177,-0.0002207843548771172,-0.00013292399507661232,-3.950837126391192e-5
-0.00021077804875947671,-0.0006822883356022713,-0.0010423910865935849,-0.000975309409741304,-0.0004905557035668959,-2.844236046154955e-5,-0.0003189808552240339,-0.0020412814420038457,-0.005442065775437143,-0.010105979183687984,-0.01500739215845813,-0.018843009477548574,0.12270492500344404,-0.01952844083959435,-0.016211842943047686,-0.011538852493133838,-0.0067680672585326285,-0.0029817750281665636,-0.0007453935785389533,-9.06979355472931e-6,-0.00026049388505200097,-0.0008287252470637538,-0.001186801481331698,-0.0011242693314322053,-0.0007399411288854622,-0.00029585701935062186,-3.081556182083639e-5,-3.277670215273004e-5,-0.00022158925757925774,-0.0004279085618441418,-0.0005067734606436815,-0.0004168552073453048,-0.00022686920524256013,-5.725863744248175e-5,-4.630968793370438e-7,-6.905461175310892e-5,-0.0001982894246472279,-0.0002946249367659255,-0.0002958668935028781,-0.00020572271445474383,-8.475090175827371e-5,-7.5459643604711135e-6,-1.534956205362023e-5,-9.327389837861244e-5,-0.0001839870986388159,-0.00022656830234972156,-0.0001947489631577634,-0.00011103771094734746,-2.9557169111394527e-5,-2.0359334720193578e-7,-3.745261801691574e-5,-0.00011300317598273921,-0.0001756149997450586,-0.00018452543471386695,-0.0001348454448370645,-5.937144795441565e-5,-6.489359323548494e-6,-8.889583074038476e-6,-6.312243865704004e-5,-0.0001326175858362734,-0.00017175079188786954,-0.00015523233276498911,-9.406074706345795e-5,-2.8053742637989404e-5
-0.0003070889396345369,-0.0010304424302256454,-0.0016938110931944955,-0.0018332618753305087,-0.00130651511917931,-0.00045206494343211917,-4.576871295881857e-7,-0.0007625900074703304,-0.003233009353880774,-0.00729440149498869,-0.012168736458674521,-0.016650284260783133,-0.01952844083959435,0.12148162283730257,-0.018057150369477044,-0.014248160131709237,-0.00965789163741132,-0.0053959634157175005,-0.0022577391946877884,-0.0005281736235142817,-4.100783692551763e-6,-0.000189940387230296,-0.0005571556003605982,-0.0007500737570263517,-0.0006654956500974328,-0.0004027814504581617,-0.00013921526562862482,-7.270683668011285e-6,-3.192821671143056e-5,-0.00014354459549136347,-0.00024028699573594783,-0.00025436943667903403,-0.00018433750816935351,-8.214880277051043e-5,-1.1333585933102908e-5,-5.9639593484074604e-6,-5.446810726836976e-5,-0.00011382296422234386,-0.00014085124564085227,-0.00011914616499873742,-6.579301109308627e-5,-1.638546739594557e-5,-2.8879267258141716e-7,-2.261048825178205e-5,-6.340649727050451e-5,-9.284320237303717e-5,-9.12130452650102e-5,-6.074674268787689e-5,-2.2398511352026557e-5,-8.881161554993855e-7,-8.396584671790941e-6,-3.745206628376352e-5,-6.694945157722718e-5,-7.66849400495942e-5,-6.050760430000024e-5,-2.9703089859552806e-5,-4.846391937013417e-6,-1.9067613055423482e-6,-2.1871121594175397e-5,-5.0522917443111826e-5,-6.824187569692136e-5,-6.312812098285131e-5,-3.877247596907e-5,-1.1647523944712315e-5
-0.00030913612296159143,-0.0010601069583456692,-0.001817402790372475,-0.002122606507143493,-0.0017581182684104045,-0.0009081870200574119,-0.00013240711511253167,-0.00015265809622291848,-0.0015407150074338086,-0.004441296756743497,-0.008452703787351721,-0.012720761206606469,-0.016211842943047686,-0.018057150369477044,0.11571096982294579,-0.015683158664029914,-0.012222322941071529,-0.008314633941437199,-0.004779973694446023,-0.0021649562827390847,-0.0006421141640482325,-5.196207044156839e-5,-4.514961483445892e-5,-0.0002518947212394977,-0.00041026498069401257,-0.0004159817724900018,-0.00029634631818253876,-0.00014097829679676419,-3.137504217798695e-5,-2.190337472299242e-7,-2.9363303015318698e-5,-7.50245454437283e-5,-9.901939348328642e-5,-8.794370221214959e-5,-5.34301938847799e-5,-1.845853035171291e-5,-9.184613829309185e-7,-4.326670807235089e-6,-1.9202090210643924e-5,-3.1755454854540816e-5,-3.312591293202702e-5,-2.3584917025601393e-5,-1.0308891466553893e-5,-1.4192390253402187e-6,-6.929198474205089e-7,-6.058333437079788e-6,-1.206451138499251e-5,-1.4023057660794702e-5,-1.0880205118492942e-5,-5.219158261911272e-6,-8.883568647991003e-7,-2.0381400920796433e-7,-2.6378327493588316e-6,-5.642029391489389e-6,-6.719716985993662e-6,-5.1624036407176e-6,-2.294753581585929e-6,-2.478638370766173e-7,-3.0351161214858813e-7,-2.0395887116685107e-6,-3.817761850544166e-6,-4.133974211860403e-6,-2.7659902617225077e-6,-8.682457652133078e-7
-0.00022605942485476836,-0.0007903314110187833,-0.0014043807700643753,-0.0017425898439337069,-0.0016049739097421627,-0.0010352263611441079,-0.0003406658769541278,-1.6761705721318743e-8,-0.0004901347722998384,-0.0020961070714760055,-0.004777216465945783,-0.008141153727628539,-0.011538852493133838,-0.014248160131709237,-0.015683158664029914,0.1091756402086891,-0.013957640957875717,-0.011285821508064252,-0.008135684971009367,-0.00511157760013823,-0.0026741872091972357,-0.0010499216394098988,-0.0002232459733225306,-1.7081817377771757e-7,-0.00010961372119894404,-0.0003027714055086374,-0.00041902578590106987,-0.00040479431235066615,-0.00029097858638847326,-0.00014795919048580033,-4.0627803359546966e-5,-3.387258311494251e-7,-1.991263335682572e-5,-6.718797839963889e-5,-0.0001062436586695692,-0.00011497341265040428,-9.204625878802067e-5,-5.260017489111535e-5,-1.7193926172387464e-5,-5.936405789979532e-7,-5.660905334643404e-6,-2.418400912567245e-5,-4.290875099857358e-5,-5.093431124475467e-5,-4.4686846038005656e-5,-2.848816284189981e-5,-1.118220663877921e-5,-1.0338168135101689e-6,-1.6757785108040268e-6,-1.088038466046451e-5,-2.239825484319502e-5,-2.9557153094800226e-5,-2.8667958884964068e-5,-2.055930204796462e-5,-9.730678744804613e-6,-1.7425735775542656e-6,-3.103570192126981e-7,-5.553742047369886e-6,-1.4171442242659482e-5,-2.1326907132128425e-5,-2.3192115859459184e-5,-1.8861489526077885e-5,-1.0710853623273342e-5,-3.082630471708866e-6
-0.0001108912042914168,-0.00039804830519662646,-0.0007412617139066456,-0.0009900753679541775,-0.001023316514889877,-0.0008056019035591264,-0.000421810988488501,-7.523158564588274e-5,-4.437428118128639e-5,-0.0006058168004510096,-0.0019424307945831876,-0.004064076456253989,-0.0067680672585326285,-0.00965789163741132,-0.012222322941071529,-0.013957640957875717,0.10591478221599573,-0.013725499718778638,-0.01179237260273396,-0.009097627775183718,-0.006171331060971039,-0.003533765323699251,-0.0015630126352578124,-0.0004138365211919237,-1.067854934635841e-5,-0.00011117864322652757,-0.0004122974825568962,-0.0006581688128911196,-0.0007119340928797568,-0.0005711120557899876,-0.00032986798699940686,-0.00011179906089494457,-5.45137668592037e-6,-2.9074268509282977e-5,-0.00013478285749667432,-0.0002434914309491741,-0.0002892858035686355,-0.00025049099628953603,-0.00015408665298884128,-5.4796760371223635e-5,-2.5889305860660877e-6,-1.6595150803565273e-5,-7.824721989935224e-5,-0.00014523110754324775,-0.00017681636580397023,-0.00015596958360449172,-9.666435854004118e-5,-3.354359631211473e-5,-1.033609284160561e-6,-1.4023420662485908e-5,-6.074653442653122e-5,-0.00011103806362475904,-0.0001345073722656999,-0.00011784344829934672,-7.16254405495817e-5,-2.3190782888007216e-5,-2.1837752506304042e-7,-1.4717857699110548e-5,-5.6555958868526046e-5,-9.995548880684796e-5,-0.00011887748982673113,-0.00010223072014978532,-6.011858655175992e-5,-1.7641570916570627e-5
-2.4164904918549078e-5,-9.300488996312212e-5,-0.00019436513410796621,-0.00030524024972028094,-0.0003915021626496838,-0.0004142215639946281,-0.00034594690512484635,-0.00019618745990467382,-3.8430850550646295e-5,-2.4514116449268417e-5,-0.0003704101924364902,-0.0013041442751051072,-0.0029817750281665636,-0.0053959634157175005,-0.008314633941437199,-0.011285821508064252,-0.013725499718778638,0.10769930550728865,-0.014966912003105992,-0.01337612838788544,-0.010632584323408804,-0.007342824147479589,-0.0042051383196919315,-0.001796881907316356,-0.0004108119006398809,-1.317983448715504e-7,-0.0002473954309969405,-0.0007218732006457305,-0.001055901791720222,-0.0010680134757538526,-0.0007894629886890867,-0.00039665765123471017,-9.300387731193092e-5,-1.16789392594005e-6,-0.00011424614994111695,-0.00032024315042070844,-0.0004768510350364359,-0.0004914537095066507,-0.0003641423154704237,-0.00017558020371108776,-3.25660819241215e-5,-5.334608193838242e-6,-9.16913175282065e-5,-0.0002251967146099862,-0.0003188218937205736,-0.0003165347756777497,-0.00022309873766171787,-9.666408907045738e-5,-1.118186425203005e-5,-1.2064937221684807e-5,-9.121293886953444e-5,-0.00019474942463981043,-0.00025724993927810427,-0.00024106628993914893,-0.00015751746628512794,-5.815220288354038e-5,-2.4259264910821143e-6,-2.1757349996803094e-5,-0.000101430039853221,-0.00019062810829526683,-0.00023392664806438576,-0.00020493655298326093,-0.00012188030013836771,-3.598532037927854e-5
-7.864032211008388e-7,-1.1966097387856867e-6,-1.2620617844197324e-8,-5.1185376811098415e-6,-3.403721856039266e-5,-0.00010005903555637685,-0.00019102367171225723,-0.000260024189061403,-0.0002470223136806782,-0.00013378568854755662,-9.053577855029638e-6,-0.00010204156223322589,-0.0007453935785389533,-0.0022577391946877884,-0.004779973694446023,-0.008135684971009367,-0.01179237260273396,-0.014966912003105992,0.11297778342573256,-0.016918795243936958,-0.015076812842484215,-0.01177571775935362,-0.007840211676351192,-0.004195484810430701,-0.0015590539226591031,-0.00022752138838458974,-3.843501429783361e-5,-0.0005093439700995066,-0.0010801788252291326,-0.0013464540055658468,-0.0011857306355350754,-0.0007380828514051106,-0.0002723614795253279,-1.8896533086461276e-5,-5.424228764321429e-5,-0.0002863295720606923,-0.0005315666184334718,-0.0006296384559918052,-0.0005292969969246906,-0.00030232968480435433,-8.689784117236685e-5,-2.0388610022514797e-8,-7.180466965126323e-5,-0.00023654763356491595,-0.00038028317965690603,-0.00041220485871857476,-0.00031653472470264364,-0.00015596921792849182,-2.8487818154027816e-5,-6.058667066970863e-6,-9.284322403464024e-5,-0.0002265686600015429,-0.0003198391255960775,-0.0003144949200049596,-0.0002157581270310089,-8.639822475278204e-5,-6.0761634674035e-6,-2.1802918043337116e-5,-0.00011994209459523578,-0.0002361972649816725,-0.00029652812679366314,-0.0002632294303502019,-0.00015778796095121915,-4.678613870712895e-5
-3.611610200861216e-5,-0.00011324389558798643,-0.00016314561859987614,-0.0001380171142386609,-5.656583338082069e-5,-4.856087252869123e-7,-5.6679540240217596e-5,-0.00024122303271611328,-0.00046193056319716527,-0.0005606015321459237,-0.0004289476751878456,-0.0001397113451628816,-9.06979355472931e-6,-0.0005281736235142817,-0.0021649562827390847,-0.00511157760013823,-0.009097627775183718,-0.01337612838788544,-0.016918795243936958,0.1182072875855643,-0.018353157305749095,-0.01578600343836555,-0.011759559644005182,-0.007334240757132586,-0.003550714904193961,-0.001083875529904927,-6.796303170566315e-5,-0.0001487905360340637,-0.000716530005084412,-0.0011985484903694228,-0.0012790915454244552,-0.0009623406411070901,-0.00047833603857079174,-0.00010439881327634418,-3.556950627314759e-6,-0.00015687908765092684,-0.00040710227751131894,-0.0005708855763271251,-0.0005474438340324524,-0.00036396183126173945,-0.0001412783550519478,-9.98060198414974e-6,-3.130731617574656e-5,-0.0001681898775152714,-0.0003178369400796306,-0.00038028525139008687,-0.00031882369672523933,-0.00017681729496096463,-4.4687179094119595e-5,-6.930726986556501e-7,-6.340630141143944e-5,-0.0001839868741528132,-0.00028046978857577953,-0.0002905803923448358,-0.00020962416710420574,-9.079183204456151e-5,-9.37877690986716e-6,-1.4585819446678167e-5,-9.933944332053343e-5,-0.00020635259084438723,-0.0002656417408783522,-0.0002391935621767361,-0.00014459221825262585,-4.3067685940607415e-5
-9.51608231683867e-5,-0.0003128843397690916,-0.0004963364263979708,-0.0005087883993322995,-0.00033413775979501334,-9.990672746549092e-5,-1.0248910371560283e-6,-0.0001663044123571336,-0.0005518474429154173,-0.0009386286254246898,-0.0010554746398891597,-0.0007728962096705712,-0.00026049388505200097,-4.100783692551763e-6,-0.0006421141640482325,-0.0026741872091972357,-0.006171331060971039,-0.010632584323408804,-0.015076812842484215,-0.018353157305749095,0.12027182931441374,-0.018332983767446378,-0.015064512409124698,-0.010661970235906922,-0.006253265375751634,-0.0027823550726634085,-0.0007248956120615262,-1.6358364712608375e-5,-0.00019465699025684666,-0.0006676229449889062,-0.0009738908015058147,-0.0009282741492755986,-0.0006118596798561395,-0.0002445520119936928,-2.5575083648560204e-5,-2.6434054819009234e-5,-0.00017856179059842076,-0.0003415768655049209,-0.0003985895151828525,-0.0003202778793718851,-0.00016684795457994409,-3.698503706688755e-5,-1.7624187303860728e-6,-6.469672124274906e-5,-0.00016818874117327173,-0.0002365478222036317,-0.00022519688477474,-0.00014523098426058242,-5.093425004964319e-5,-1.4192806752390263e-6,-2.2610704492401212e-5,-9.327382355327901e-5,-0.00016196415915738574,-0.0001820186512847266,-0.0001412726722252733,-6.798672411281736e-5,-1.0511773954259562e-5,-4.989623030301343e-6,-5.231141617056956e-5,-0.00011874663221867615,-0.00015904554329116555,-0.00014638965628256326,-8.963259078806091e-5,-2.688037259342092e-5
-0.0001364000481158575,-0.00045760864136422993,-0.0007547188749361874,-0.0008300130501528689,-0.0006265385454480993,-0.00027453525855222413,-2.141573950228612e-5,-8.051933504032993e-5,-0.0004857781383709823,-0.0010434494698056893,-0.0014233273213117154,-0.0013548244439147983,-0.0008287252470637538,-0.000189940387230296,-5.196207044156839e-5,-0.0010499216394098988,-0.003533765323699251,-0.007342824147479589,-0.01177571775935362,-0.01578600343836555,-0.018332983767446378,0.11817091032857577,-0.01695585839627445,-0.013496626975134587,-0.00929623312319072,-0.005340571128992668,-0.002356967334401869,-0.0006335241005314893,-2.474291439981402e-5,-0.0001110731572684237,-0.00042195788143463767,-0.0006210772672700163,-0.000587329623499569,-0.0003831990073851488,-0.00015332808701552098,-1.780450965440869e-5,-1.1876959480211502e-5,-8.900223652407585e-5,-0.00016849358379586454,-0.0001905469293973991,-0.00014621463072228905,-7.094203550460365e-5,-1.320532242340619e-5,-1.7624775931722458e-6,-3.130716411526083e-5,-7.180515591102832e-5,-9.169188727700325e-5,-7.824758551206942e-5,-4.290901763152194e-5,-1.0309002167963738e-5,-2.8894973107956856e-7,-1.534937239788467e-5,-4.0985348840037045e-5,-5.723836966831097e-5,-5.267808675025326e-5,-3.134996982196575e-5,-8.686333451045358e-6,-2.3931672473581633e-8,-1.00125401644377e-5,-3.002215499487912e-5,-4.4864014400857605e-5,-4.373274496369435e-5,-2.7660697718694983e-5,-8.437672482030159e-6
-0.00013541778764720232,-0.00046063306697526583,-0.0007797075805671527,-0.000896795795854697,-0.000734397508789137,-0.00038664684690966483,-7.411104119760953e-5,-2.039875312797798e-5,-0.00031628034580500827,-0.0008485754961406154,-0.0013411963537572746,-0.0014987426678236444,-0.001186801481331698,-0.0005571556003605982,-4.514961483445892e-5,-0.0002232459733225306,-0.0015630126352578124,-0.0042051383196919315,-0.007840211676351192,-0.011759559644005182,-0.015064512409124698,-0.01695585839627445,0.11336231537085215,-0.015221346490656373,-0.012138884254220888,-0.008504076450428751,-0.005087288523511695,-0.0024481006405916717,-0.0008169728935569845,-0.00010549372602001311,-1.8090883409524472e-5,-0.00020474476342793868,-0.0003905008518438752,-0.0004401312196662885,-0.0003511086951134071,-0.0001981775688988316,-6.639238183379567e-5,-4.221981243886924e-6,-1.0715152094012415e-5,-5.149889290703008e-5,-8.667020226186053e-5,-9.301657787808004e-5,-7.094195342641565e-5,-3.698465004256524e-5,-9.980628330505392e-6,-2.0169510752537922e-8,-5.33462632819684e-6,-1.6595316621188794e-5,-2.4184157864207828e-5,-2.3585175924642487e-5,-1.6385534084312203e-5,-7.546003877836188e-6,-1.5604675002826862e-6,-2.344526953135251e-8,-1.6225602088668772e-6,-3.82956032925208e-6,-4.768198284686026e-6,-4.06841843254499e-6,-2.5070840139612693e-6,-1.0767120639243455e-6,-2.778684758605876e-7,-2.772248451458903e-8,-7.079066838798498e-9,-6.893992962001688e-9
-9.571625817652966e-5,-0.00033007794983273483,-0.000572974128067975,-0.0006871254086065655,-0.0006041431555050686,-0.0003663223130246536,-0.00011064137825781209,-4.191516408090512e-8,-0.00013470804146917432,-0.0004885919460020458,-0.0009070289258878567,-0.0011740498574931042,-0.0011242693314322053,-0.0007500737570263517,-0.0002518947212394977,-1.7081817377771757e-7,-0.0004138365211919237,-0.001796881907316356,-0.004195484810430701,-0.007334240757132586,-0.010661970235906922,-0.013496626975134587,-0.015221346490656373,0.10889178866727267,-0.01420277486864963,-0.01175546541393421,-0.008676405727551528,-0.005585778139661041,-0.0030003089810972366,-0.001215815311300222,-0.0002723728971198401,-8.228793561496778e-7,-0.00012217608179191514,-0.00035809966670973664,-0.0005141233786560805,-0.0005137678298972742,-0.0003833321916364846,-0.00020475090502648785,-6.177111446697622e-5,-1.49543601662451e-6,-2.2363851776325758e-5,-8.667013247080912e-5,-0.00014621463482317187,-0.00016684752505868872,-0.00014127889131266766,-8.689739859350093e-5,-3.256591336925525e-5,-2.589092850641128e-6,-5.660904495262756e-6,-3.312634022339597e-5,-6.579269022583337e-5,-8.475115188844029e-5,-8.057563939540754e-5,-5.671269615584694e-5,-2.6281216804752497e-5,-4.52617549067183e-6,-1.046501580366857e-6,-1.5524457725811514e-5,-3.8667084650962497e-5,-5.748853495292361e-5,-6.202436787560231e-5,-5.016800691573162e-5,-2.8384945950838715e-5,-8.152086680905495e-6
-4.2657136367681885e-5,-0.00015024946249065762,-0.00027086509251920445,-0.00034483358395267713,-0.00033317509251773805,-0.00023822905216668716,-0.00010667330648451642,-1.1758820426002042e-5,-2.0447749881255875e-5,-0.00015858155438598816,-0.0003899124967382227,-0.0006216782922245437,-0.0007399411288854622,-0.0006654956500974328,-0.00041026498069401257,-0.00010961372119894404,-1.067854934635841e-5,-0.0004108119006398809,-0.0015590539226591031,-0.003550714904193961,-0.006253265375751634,-0.00929623312319072,-0.012138884254220888,-0.01420277486864963,0.10757096846601363,-0.014425228294758249,-0.012507169439851073,-0.009691224648285772,-0.0065648673585785005,-0.0037219500751847715,-0.0016023105363179562,-0.0003904298999754651,-3.0437229872476435e-6,-0.00016251936753636752,-0.0005222169904171257,-0.0007938636333833446,-0.0008310171160748649,-0.0006443170096255349,-0.00035357509278707323,-0.00010623634995280372,-1.4954144386108287e-6,-5.1498818150360476e-5,-0.00019054703790767277,-0.0003202775199657344,-0.00036396270381756565,-0.00030232911876474505,-0.00017557988417869416,-5.4796876234719516e-5,-5.934242575927201e-7,-3.175605320001121e-5,-0.00011914539521925421,-0.00020572322330872014,-0.0002399762636583723,-0.0002037029942263055,-0.00011975162247090249,-3.6676534034532984e-5,-1.2737902504132703e-7,-2.7364874329596778e-5,-9.879614694200886e-5,-0.00017052273967198273,-0.0002000766413413832,-0.0001705716872541299,-9.975202423057137e-5,-2.9180533980754974e-5
-6.121547913985441e-6,-2.3239627063283662e-5,-4.747914198187028e-5,-7.221755115717834e-5,-8.883686241332664e-5,-8.914813894672982e-5,-6.963085895194884e-5,-3.610500431328392e-5,-5.965875029455281e-6,-4.6821847576490605e-6,-5.490091421142887e-5,-0.0001608760884819413,-0.00029585701935062186,-0.0004027814504581617,-0.0004159817724900018,-0.0003027714055086374,-0.00011117864322652757,-1.317983448715504e-7,-0.00022752138838458974,-0.001083875529904927,-0.0027823550726634085,-0.005340571128992668,-0.008504076450428751,-0.01175546541393421,-0.014425228294758249,0.11013531167790622,-0.015725627400881882,-0.01395263264835364,-0.010957217478156749,-0.007427715799058664,-0.004129779991425183,-0.0016700660860360823,-0.0003263194921950801,-4.769881132262593e-6,-0.00033304805977138127,-0.000841753146909166,-0.0011546473729581418,-0.001110343657743344,-0.0007745647229558013,-0.0003535749797857358,-6.177099818919542e-5,-1.0715036495981267e-5,-0.0001684937394159751,-0.0003985892971286112,-0.0005474448434043509,-0.0005292964552609386,-0.0003641419347879104,-0.00015408671504637747,-1.719354266615722e-5,-1.92028692108763e-5,-0.0001408502814125058,-0.00029586789509992995,-0.0003857223778123836,-0.0003573535786711643,-0.00023109983710951042,-8.444146655748296e-5,-3.4461193129387002e-6,-3.15800010296588e-5,-0.00014572265520127956,-0.00027232637112249367,-0.00033281524209739094,-0.00029069366473594496,-0.0001725218199508903,-5.0875055150063474e-5
-2.9247751904539973e-6,-8.369070528353381e-6,-9.852646105939014e-6,-5.080435740368455e-6,-9.931701841145446e-8,-5.452622227761911e-6,-2.6233326146547775e-5,-5.4142543354854245e-5,-7.000104763204944e-5,-5.815345904578752e-5,-2.399679930086343e-5,-1.0494710923208972e-7,-3.081556182083639e-5,-0.00013921526562862482,-0.00029634631818253876,-0.00041902578590106987,-0.0004122974825568962,-0.0002473954309969405,-3.843501429783361e-5,-6.796303170566315e-5,-0.0007248956120615262,-0.002356967334401869,-0.005087288523511695,-0.008676405727551528,-0.012507169439851073,-0.015725627400881882,0.11479739272106779,-0.01732766114074601,-0.015198350520524942,-0.011649382631709334,-0.007572788081015859,-0.003914802114491845,-0.0013644080844816726,-0.00015782954169197422,-6.963702590730841e-5,-0.0005786004000819141,-0.0011227476379717487,-0.0013269776022078843,-0.001110343621730835,-0.0006443169259791551,-0.00020475086337836887,-4.221991071775427e-6,-8.900252056763189e-5,-0.0003415768937996312,-0.0005708865637800951,-0.0006296380658711957,-0.0004914533507322585,-0.0002504909818861964,-5.259964474005688e-5,-4.327342856984273e-6,-0.00011382174136896628,-0.0002946259044165206,-0.0004249289569955364,-0.0004231000935225465,-0.0002941123896144631,-0.00012105927746495528,-1.0187803400601297e-5,-2.482183209544242e-5,-0.00014841179670382204,-0.00029778180357998077,-0.0003766427650751872,-0.00033554475105499783,-0.00020150121001296078,-5.979992977974335e-5
