x1,x2,x3,x4,x5,x6,x7,x8,x9,x10,x11,x12,x13,x14,x15,x16,x17,x18,x19,x20,x21,x22,x23,x24,x25,x26,x27,x28,x29,x30,x31,x32,x33,x34,x35,x36,x37,x38,x39,x40,x41,x42,x43,x44,x45,x46,x47,x48,x49,x50,x51,x52,x53,x54,x55,x56,x57,x58,x59,x60,x61,x62,x63,x64
0.0035449164666046086,-9.152882987616406e-8,-1.3355154497432983e-6,-7.329254503874255e-6,-2.4761504468668105e-5,-6.152787816128032e-5,-0.00012257143444711712,-0.00020542099374519718,-0.0002981472958740563,-0.0003814587887675746,-0.0004343863877300584,-0.00044091715301212975,-0.0003945006108440248,-0.0002988801346532464,-0.00016598114918772087,-1.2825867760873737e-5,0.00014116542994765862,0.0002766802413573404,0.00037778720554954985,0.000436038850000856,0.00045372957013789793,0.0004438271271869052,0.000425301725620884,0.00041521169075228926,0.00042115007644181427,0.000437857752794048,0.00044970370392781505,0.0004376360251232033,0.00038707325075406935,0.0002932610325864558,0.00016252904133668715,1.009296692841839e-5,-0.00014393329283237806,-0.00027906229627417843,-0.0003790431728869035,-0.0004361241957529301,-0.0004537021723493344,-0.00044554298724403966,-0.000430662049770798,-0.00042523619554766883,-0.0004350987168616795,-0.00045269314912528596,-0.0004602649661756669,-0.00043772915986073244,-0.0003712308327559576,-0.0002584806303692325,-0.00010930001777405211,5.741384722784388e-5,0.00021791525297269295,0.0003475775586981587,0.00042472985494095087,0.0004348236261737904,0.0003741304108686534,0.00025102431154429647,8.374501390286275e-5,-0.00010396342937771518,-0.00028636859681882375,-0.0004369990298351439,-0.0005297860293884901,-0.000543966894089859,-0.0004736224444266985,-0.00033688496243546116,-0.00017672260498471037,-4.876870900656335e-5
-9.152882987616406e-8,0.01281926482047023,-1.9757785225085484e-6,-1.7771126355942084e-5,-7.185500420980725e-5,-0.00019504368335006755,-0.000408794722207473,-0.0007075672116362111,-0.0010498515346488684,-0.0013649402055755007,-0.0015738749893366146,-0.0016147623833864064,-0.0014605534091953352,-0.0011229179372363386,-0.0006445992129114678,-8.772045612769497e-5,0.00047645503242829695,0.0009766996726089036,0.0013535708330654672,0.0015743584819556742,0.0016453914522707375,0.0016125300550604092,0.0015447646657990872,0.001505463132406316,0.0015243073279184016,0.0015840672535171751,0.0016288737239100386,0.0015892543017275273,0.0014111176063963337,0.001075790347970267,0.0006050863238744259,5.3570724169990925e-5,-0.0005058943375730664,-0.0009986342466020265,-0.0013649631378827738,-0.001575775798160802,-0.0016424099857138609,-0.0016141613240174305,-0.0015599850975061603,-0.0015391796759538835,-0.0015738819250145828,-0.0016375668261338263,-0.001666246016126793,-0.0015868899619922098,-0.0013486478453732732,-0.0009425084462689518,-0.0004035327179875759,0.00020005773805973384,0.0007822403096880669,0.0012536326204343731,0.0015354245609003256,0.0015745036182994378,0.0013569332857821872,0.0009127220586524664,0.00030780034883670345,-0.0003718011961080629,-0.0010327794357161556,-0.0015791425375532248,-0.0019163187195445652,-0.0019688647808693087,-0.00171504340278057,-0.0012203119072158718,-0.0006402991791382544,-0.0001767226114392121
-1.3355154497432983e-6,-1.9757785225085484e-6,0.024358096187540947,-1.242291212863223e-5,-8.575310995679473e-5,-0.000285719930977526,-0.0006653438259782113,-0.0012262648315283823,-0.001896089477117214,-0.0025381625174622836,-0.0029923957277878752,-0.003127766715316818,-0.0028812500014099274,-0.0022683505164914283,-0.0013687281971181786,-0.000302191928798248,0.0007924825403958728,0.0017754799059246833,0.0025279771485649154,0.0029808076396661805,0.003139464033408513,0.003087451044145465,0.0029568200777282737,0.002873240326324966,0.0029003222114076257,0.0030112925576311626,0.0031023580103444397,0.003039841108548853,0.002716639570168976,0.002092457178912549,0.0012051746574223714,0.00015688626244466497,-0.0009136489498030376,-0.001862718024470154,-0.00257399339392744,-0.002988719430348169,-0.003125349029551703,-0.0030759043337565,-0.002971932459221571,-0.002928621293160023,-0.0029913886669142038,-0.0031124666875878503,-0.003171044960727267,-0.003027145608794821,-0.0025817657669917875,-0.0018154133616868566,-0.0007932023290397548,0.00035565706574166385,0.0014672692826901085,0.002370790404579009,0.0029150827648605276,0.0029976332183539486,0.0025905003993667596,0.0017497982894026825,0.0006006729724346358,-0.0006929128780905215,-0.001952913357893467,-0.0029961223135192565,-0.0036419148020660434,-0.0037458128416435576,-0.003265450448458248,-0.0023248059909691744,-0.001220311955656014,-0.00033688498768858833
-7.329254503874255e-6,-1.7771126355942084e-5,-1.242291212863223e-5,0.034138559279939064,-4.2470413207200144e-5,-0.0002457060462853939,-0.000710811105990554,-0.0014686333313952656,-0.0024350387257521472,-0.0034167025223179916,-0.004169509146489446,-0.004481236853949226,-0.004237605645865147,-0.0034446766375702815,-0.0022096882513336314,-0.0007037106954742274,0.0008720464823985914,0.0023127606998192916,0.003440267291837699,0.004143437724850132,0.004416221209096005,0.004367288411093986,0.004182564841898004,0.004048134416373362,0.004067733513606185,0.004216528436102085,0.004354735866656828,0.004292395049768481,0.003871034225411298,0.003024385182764134,0.0017979709921704756,0.0003311950576642038,-0.0011813192831099562,-0.0025348944570472644,-0.0035609032939170468,-0.0041701297141680665,-0.004382042506262495,-0.004321908948493114,-0.004174685186641153,-0.004106533900942604,-0.004187807205260915,-0.004357099773542562,-0.004447071167515707,-0.0042594973046750865,-0.0036510538242063165,-0.002589635237900474,-0.0011632504807959747,0.0004481900546373788,0.0020144767818345726,0.0032945214703219926,0.004074031332354699,0.0042063340612704895,0.003649363229335997,0.002479786019405799,0.0008724404975027447,-0.0009422449515900929,-0.0027135895506214688,-0.004183585920692731,-0.005097605021077762,-0.00525119552580804,-0.00458291980736947,-0.003265450457115424,-0.001715043464985988,-0.0004736224757548325
-2.4761504468668105e-5,-7.185500420980725e-5,-8.575310995679473e-5,-4.2470413207200144e-5,0.039305586890291906,-9.859915778240599e-5,-0.0004997359770923911,-0.0012916959125372862,-0.0024145738296926585,-0.0036508768105426893,-0.004692072700198835,-0.005247739501274356,-0.005141360022796834,-0.004350617516435001,-0.002988645384125901,-0.001255474370832804,0.0006078802702369256,0.0023529789027912744,0.003757848447522381,0.00467301169768927,0.005069184017691795,0.005056057933747625,0.004846025946470095,0.004666560887240654,0.004659244115472873,0.0048165223535828385,0.004988716660352723,0.0049554744544022785,0.004522823064271566,0.00359944472943959,0.002225080035991673,0.0005529171117038146,-0.0011945766255417767,-0.002778443658668319,-0.00399721013040854,-0.00473809954618091,-0.005013211068314655,-0.004959700172784189,-0.0047896671930455475,-0.004700306014336497,-0.004782542688091011,-0.004975010566048,-0.0050896939660055995,-0.004896908469184807,-0.004225664403383381,-0.0030317049219726277,-0.001410494680389844,0.00043414838118364566,0.0022382069805793907,0.003723415089728829,0.004640853608232138,0.004818098624240124,0.00420247921106541,0.0028785468118316102,0.0010453493072809061,-0.001032612493936761,-0.0030668534287461332,-0.0047603583381114175,-0.005819608316806851,-0.006007717198212219,-0.005251195648004905,-0.0037458129551928383,-0.0019688648956772215,-0.0005439669388436302
-6.152787816128032e-5,-0.00019504368335006755,-0.000285719930977526,-0.0002457060462853939,-9.859915778240599e-5,0.03925918900724002,-0.000172843832931864,-0.000787170257735224,-0.0018497250265746442,-0.003167065426284742,-0.004405613737507409,-0.005216761065595277,-0.0053601417478427865,-0.004766899158612562,-0.0035289059982244924,-0.0018443355658143896,3.826702655758624e-5,0.0018585748613561292,0.003376950068577833,0.004418282879766796,0.004923044517766707,0.0049758117634596906,0.004779727739763719,0.004573445618953186,0.004525066479495113,0.004656738312171131,0.004839103737835248,0.004856063278393059,0.004503186343560853,0.0036708437549626623,0.002380209245899843,0.0007704942895072116,-0.0009435586461014137,-0.0025243205433590644,-0.0037652581496628586,-0.004542686726169209,-0.004854381588621757,-0.004824468829662769,-0.004658594988602831,-0.004557020175505431,-0.0046218798520022515,-0.004805973183378806,-0.0049321802172861366,-0.004774391587481698,-0.004157612953742633,-0.003028752087757547,-0.001473092040185903,0.00031477407347038237,0.0020783086955403567,0.0035447055104881127,0.004467806266754726,0.004674364162413042,0.004107206102401793,0.0028439220068223136,0.0010759563986557402,-0.0009393166342617189,-0.0029201661550053697,-0.004576394209227783,-0.005620701792584452,-0.0058196083613385645,-0.005097605133158432,-0.003641914907801575,-0.0019163188052560935,-0.0005297860599788954
-0.00012257143444711712,-0.000408794722207473,-0.0006653438259782113,-0.000710811105990554,-0.0004997359770923911,-0.000172843832931864,0.03562963744792211,-0.00024274433601803792,-0.0010094539975067252,-0.002181924360901115,-0.003452885153409846,-0.004451295725584909,-0.0048848381559841786,-0.0046277670818713704,-0.003725924625087308,-0.0023442994569781673,-0.0007054610293937876,0.0009518284146061502,0.0023998390256522355,0.0034565131232915706,0.004032597721852097,0.004167863381518791,0.0040230772756678764,0.003815439510665761,0.003722010011314896,0.0037998979889998664,0.003965191582197937,0.004039318439881165,0.0038346016671499616,0.0032340915746477657,0.002232273251889414,0.0009305602413246018,-0.0004968922837619165,-0.0018481736796832752,-0.0029400010355129275,-0.0036527745948056922,-0.0039666521949556065,-0.003971577723870044,-0.0038354963442746776,-0.0037336586803255276,-0.0037675136619030178,-0.003914347281380693,-0.004036073680125327,-0.003943448681189209,-0.0034815079408712455,-0.002593709868358987,-0.0013404808721366845,0.00012277137351458805,0.0015852825626088984,0.002819796378839528,0.003618568233564934,0.0038319590568775316,0.003405331760794864,0.002396597136764266,0.0009605513441786218,-0.0006908303323859707,-0.0023241887470993013,-0.003698973580608271,-0.004576394237189361,-0.0047603583843712684,-0.004183585950104374,-0.0029961223500030456,-0.0015791425487203155,-0.00043699903070555164
-0.00020542099374519718,-0.0007075672116362111,-0.0012262648315283823,-0.0014686333313952656,-0.0012916959125372862,-0.000787170257735224,-0.00024274433601803792,0.03123406568866354,-0.0002835581862355676,-0.001089679379228758,-0.002188887455460501,-0.003233860206706032,-0.003907154911147685,-0.0040293803324902774,-0.003584993677213147,-0.0026804205074610656,-0.0014833879891903367,-0.00018191583328003628,0.0010351364113734074,0.0019988308646016538,0.0025971902728048,0.0028154869477296026,0.002748662405415648,0.0025650564232565427,0.0024316988738133593,0.002438670486733032,0.002562866535830359,0.0026882648160575545,0.0026673073282584025,0.002388116961985109,0.0018160944061865378,0.0009993235422600247,4.752497256456215e-5,-0.0008994920805766947,-0.0017047349076043134,-0.002266665771271409,-0.0025483518533248534,-0.0025919366479006914,-0.0025047845141281063,-0.002414664334711885,-0.0024106760293483892,-0.002499547807924986,-0.0026017254528064044,-0.002589905981554689,-0.0023486805614891556,-0.0018241540773620754,-0.0010427223979464406,-9.937788143225603e-5,0.0008689515034345346,0.0017104525825129078,0.0022828372816553724,0.0024791997468709883,0.002253880711781178,0.0016367699256357407,0.0007251535862646406,-0.00034250869252838077,-0.0014120184963370324,-0.002324188759080178,-0.002920166238357687,-0.0030668535323350485,-0.002713589557283733,-0.001952913374291426,-0.0010327793982081008,-0.00028636857487655094
-0.0002981472958740563,-0.0010498515346488684,-0.001896089477117214,-0.0024350387257521472,-0.0024145738296926585,-0.0018497250265746442,-0.0010094539975067252,-0.0002835581862355676,0.028601435733202285,-0.00028364408353255375,-0.0010204929768034383,-0.0019338650535680629,-0.0027201689456389172,-0.0031662713780718347,-0.0031949666440258748,-0.0028398076583400697,-0.0021927902535296096,-0.0013685317411081589,-0.0004950859439774408,0.00029018433045137685,0.0008633603518596205,0.0011545412904381738,0.0011805798338890897,0.0010422146356098758,0.0008797536818566226,0.0008092427429179466,0.0008738073416941282,0.0010345195334752074,0.0012004660209042211,0.001276305224832181,0.0012008845338007418,0.0009625517527268509,0.0005937954484375762,0.0001565651912604384,-0.00027361266594789027,-0.0006242496610309364,-0.0008448740429060146,-0.0009244416107736326,-0.0008971992937854908,-0.0008289958213251222,-0.0007869091965890953,-0.0008069156041261227,-0.0008774102684577241,-0.0009475065231469279,-0.0009541633617973376,-0.0008518716570258034,-0.0006297672799254538,-0.000311667999156348,5.463236747385734e-5,0.0004096371982298544,0.0006922899473304476,0.0008502245411177619,0.0008517215654915802,0.0006952073831857228,0.00040956799365987265,4.43498283551805e-5,-0.000342508690329739,-0.0006908303416726439,-0.0009393167553358504,-0.0010326126397682707,-0.0009422449329093128,-0.0006929128733114609,-0.0003718011140290485,-0.00010396338685253016
-0.0003814587887675746,-0.0013649402055755007,-0.0025381625174622836,-0.0034167025223179916,-0.0036508768105426893,-0.003167065426284742,-0.002181924360901115,-0.001089679379228758,-0.00028364408353255375,0.0288231049330383,-0.0002514202749017861,-0.0008666153800513324,-0.001598899772781163,-0.0022366045371095804,-0.0026592330109262395,-0.0028291014423074074,-0.0027527737132110206,-0.002456063884647847,-0.0019887136047166644,-0.0014394207886085754,-0.0009304994466251451,-0.0005806573277616498,-0.0004540769010199753,-0.0005284923147442079,-0.0007041733157058153,-0.0008497482185050066,-0.0008589880589261841,-0.0006889320973694322,-0.0003642650616096256,4.608861035922407e-5,0.0004611370323531915,0.000811710777809706,0.001051163795161661,0.0011585804794519837,0.0011410216148333495,0.0010343507901979952,0.0008964455127846184,0.0007890281810269288,0.0007532513529302702,0.0007913840306892611,0.0008656503890150826,0.0009157808522650095,0.0008859181999133694,0.000746772054329087,0.0005032309905858834,0.00018737264101220978,-0.00015518747229410773,-0.00047678719835353125,-0.0007336947650493593,-0.000889472354312993,-0.0009197165805156782,-0.0008180441950301229,-0.000598972503354601,-0.00029417898035852014,5.595756560389453e-5,0.00040956789228709534,0.0007251535296063593,0.0009605513267060698,0.0010759562864985663,0.0010453492000317473,0.0008724406132042916,0.0006006730596914077,0.0003078005015898279,8.374508243439063e-5
-0.0004343863877300584,-0.0015738749893366146,-0.0029923957277878752,-0.004169509146489446,-0.004692072700198835,-0.004405613737507409,-0.003452885153409846,-0.002188887455460501,-0.0010204929768034383,-0.0002514202749017861,0.03126185440305611,-0.00020981180131332726,-0.0007251624412646384,-0.0013787220244363746,-0.002042972776492662,-0.002630490813327107,-0.0030686664987995783,-0.003289069577911964,-0.003249953638028782,-0.0029738909992218826,-0.002563694171922063,-0.002173234649810869,-0.0019425839345729708,-0.0019328891626616855,-0.00209768612835123,-0.002305300160357264,-0.002397843670005135,-0.002254613164124262,-0.0018305906391714094,-0.0011595177158146414,-0.00033131774158063254,0.0005378691512042175,0.0013308588740548553,0.0019492685885939426,0.0023326250940355108,0.0024758776101126766,0.0024356063898205546,0.002313957059473713,0.0022197522309534514,0.002221565342172319,0.0023159112648986164,0.00242785449092426,0.0024442305876541124,0.002262253095099819,0.0018297244787862867,0.0011609390614912623,0.0003281974922314022,-0.0005591992200708751,-0.001376144397170242,-0.001999546210581816,-0.002326565754048799,-0.0022952830121406235,-0.0019014388620167035,-0.001200812562973356,-0.0002941788904545088,0.0006952073377557518,0.0016367698979322235,0.0023965971248165177,0.002843921865990764,0.0028785466621174885,0.002479786109259103,0.0017497983607838814,0.0009127222123098017,0.0002510243827225504
-0.00044091715301212975,-0.0016147623833864064,-0.003127766715316818,-0.004481236853949226,-0.005247739501274356,-0.005216761065595277,-0.004451295725584909,-0.003233860206706032,-0.0019338650535680629,-0.0008666153800513324,-0.00020981180131332726,0.03417108191746644,-0.0001830673091503477,-0.0006725392740130345,-0.0013801308479887558,-0.0022095166308707627,-0.0030356188363660414,-0.0037059143226428606,-0.004082078691924742,-0.004103565993077577,-0.0038300757579852744,-0.0034276343629441918,-0.0030974230068412383,-0.002982580842335515,-0.0031019707251456674,-0.00334400231436578,-0.0035197777411622626,-0.003444452046095044,-0.0030061312382646988,-0.002195834330317994,-0.0010975695094634147,0.00014397781567791087,0.0013596876144585932,0.002389208016426999,0.003113449706451719,0.003485861527002526,0.003551070666791065,0.0034342119955164934,0.0032943220586790062,0.0032563367972406236,0.003353272374332029,0.0035091457208589,0.003572670774037161,0.003384311714311173,0.002842704336991003,0.0019410832299058419,0.0007654900405977809,-0.000532260121615784,-0.0017674542670851117,-0.0027516718295243193,-0.003321282489753445,-0.003369192626277208,-0.002872644923000028,-0.0019014386905965872,-0.0005989722685718512,0.0008517216285890914,0.0022538807341148,0.0034053317451689497,0.004107205919580902,0.004202478994415206,0.003649363231579172,0.0025905004100924877,0.0013569333982876533,0.00037413046856387403
-0.0003945006108440248,-0.0014605534091953352,-0.0028812500014099274,-0.004237605645865147,-0.005141360022796834,-0.0053601417478427865,-0.0048848381559841786,-0.003907154911147685,-0.0027201689456389172,-0.001598899772781163,-0.0007251624412646384,-0.0001830673091503477,0.035803911592016846,-0.00018424864562838179,-0.0007276416210520071,-0.001576417098085335,-0.0025994482094945062,-0.0035909259077367066,-0.004326095458466251,-0.004650751933690065,-0.0045552093364536845,-0.004185190095066207,-0.0037762070147841923,-0.003542269499847045,-0.0035759304860652455,-0.0038094670672825267,-0.004052235942367067,-0.004078905546510107,-0.0037211938715705287,-0.0029228275755564573,-0.001745033253946094,-0.00033670831880226645,0.0011078937451985448,0.0023908096812986822,0.0033510116725102923,0.003904573475136849,0.004073555767679862,0.003983732955062577,0.0038187854177845378,0.003742205400161988,0.003821722666732156,0.0039957057168572615,0.004100649670749959,0.003945530685695882,0.0033942966522556707,0.002417900987759894,0.0011002392292808808,-0.00039029045804635703,-0.0018401017823284893,-0.0030263295876473213,-0.003750896515209328,-0.003878118280864304,-0.0033691925536456554,-0.0022952827913614595,-0.0008180439355246922,0.0008502246409678571,0.0024791997777277217,0.003831959031313443,0.004674363987950092,0.004818098417706262,0.004206334020323745,0.002997633208165677,0.0015745036935847637,0.00043482366703179024
-0.0002988801346532464,-0.0011229179372363386,-0.0022683505164914283,-0.0034446766375702815,-0.004350617516435001,-0.004766899158612562,-0.0046277670818713704,-0.0040293803324902774,-0.0031662713780718347,-0.0022366045371095804,-0.0013787220244363746,-0.0006725392740130345,-0.00018424864562838179,0.03537635037185448,-0.00020961526518864146,-0.0008472469892751842,-0.0018318829625702093,-0.002954466012289565,-0.003934706485426897,-0.004529633924050824,-0.004639981374561023,-0.004354918686141161,-0.00390674140188824,-0.0035565601378399828,-0.003469727240883145,-0.0036435871599083914,-0.003919181982742543,-0.004062537539351353,-0.0038678592851810224,-0.003232604841307222,-0.002180010116669692,-0.000837018719246577,0.0006080329455378077,0.0019495869668299678,0.003007468208774538,0.003669788574239551,0.00392829719627288,0.003886299025019337,0.0037222748731693565,0.0036144645754975194,0.0036585502473397836,0.0038210168118389194,0.00395436201784003,0.0038662582982931567,0.00340552534975891,0.0025226824169466513,0.0012837196229764567,-0.00015477947614779726,-0.001585198392938007,-0.0027859616689354947,-0.0035557449299323703,-0.003750896651619062,-0.003321282600817141,-0.002326565765507827,-0.0009197165574331047,0.0006922899038375004,0.0022828372209640724,0.003618568187731711,0.0044678061951566785,0.004640853566599451,0.004074031384449507,0.0029150828462473737,0.0015354246465695807,0.00042472988872698696
-0.00016598114918772087,-0.0006445992129114678,-0.0013687281971181786,-0.0022096882513336314,-0.002988645384125901,-0.0035289059982244924,-0.003725924625087308,-0.003584993677213147,-0.0031949666440258748,-0.0026592330109262395,-0.002042972776492662,-0.0013801308479887558,-0.0007276416210520071,-0.00020961526518864146,0.03338633079029151,-0.00024181296932752555,-0.0009522483112804483,-0.001976997896279976,-0.00302958726936443,-0.003804362961351729,-0.0041088521207921745,-0.003946560359910758,-0.0035057426040318866,-0.003060040008289668,-0.002833700074471992,-0.0029004612499902247,-0.003162894086418198,-0.0034128965762482764,-0.003432489504870835,-0.003080978697793273,-0.0023339505112316794,-0.001273510936861245,-5.218986007652897e-5,0.001147655785763226,0.002152234410959487,0.0028355547742572014,0.0031563820591496766,0.0031763396235185764,0.0030399148935537,0.0029139732740375373,0.0029107717708887547,0.003033869982410284,0.0031770245426179897,0.003176609568065709,0.0028880711996254606,0.002246676700477254,0.0012880352016207868,0.00013114692257408303,-0.0010552897027538409,-0.002085547116739365,-0.0027859615013149487,-0.0030263293782650386,-0.0027516715631611018,-0.001999545907694584,-0.0008894720979629788,0.00040963736910691574,0.001710452624018868,0.002819796322678137,0.0035447053981121535,0.0037234149596222,0.0032945213143996312,0.0023707903317818895,0.0012536325675726635,0.00034757754025504107
-1.2825867760873737e-5,-8.772045612769497e-5,-0.000302191928798248,-0.0007037106954742274,-0.001255474370832804,-0.0018443355658143896,-0.0023442994569781673,-0.0026804205074610656,-0.0028398076583400697,-0.0028291014423074074,-0.002630490813327107,-0.0022095166308707627,-0.001576417098085335,-0.0008472469892751842,-0.00024181296932752555,0.03118357027174327,-0.00025936170846971535,-0.0009682376188900696,-0.0018896498455873874,-0.002699332015971757,-0.003129892944292103,-0.0030879217082402967,-0.0026850224935086025,-0.0021699170671703946,-0.001800720675099323,-0.001725058299737885,-0.0019259159949634238,-0.0022508289817737676,-0.0024966301121062628,-0.0024986124513889144,-0.0021827833459175756,-0.0015710372325699552,-0.0007564702335006183,0.00012828400771442916,0.0009399774628719457,0.0015546631293761608,0.0019011354029850496,0.001987393238494865,0.0019010967468098936,0.0017736413975025622,0.0017196209974060454,0.0017821423248868585,0.0019141842129050785,0.002005664866324255,0.001939110822773188,0.0016423444652272682,0.0011135635821311646,0.0004153073185629522,-0.00034833620005903084,-0.0010552896260406378,-0.0015851982911062154,-0.0018401015599187659,-0.0017674540108704177,-0.0013761441738766,-0.0007336946227382523,5.463249727953374e-5,0.0008689515138727617,0.0015852824941470789,0.002078308662789437,0.0022382069616999774,0.0020144766349175234,0.0014672692278407653,0.0007822402146326115,0.00021791520968412925
0.00014116542994765862,0.00047645503242829695,0.0007924825403958728,0.0008720464823985914,0.0006078802702369256,3.826702655758624e-5,-0.0007054610293937876,-0.0014833879891903367,-0.0021927902535296096,-0.0027527737132110206,-0.0030686664987995783,-0.0030356188363660414,-0.0025994482094945062,-0.0018318829625702093,-0.0009522483112804483,-0.00025936170846971535,0.03010360327441158,-0.00024682555047336865,-0.0008571815021415186,-0.0015378222283393302,-0.0019822468110967874,-0.002010481454708589,-0.0016422396108335,-0.0010712661679797392,-0.0005607022370800085,-0.0003177993100965015,-0.000410991304222426,-0.0007628403056833983,-0.0012081918056645788,-0.0015752855799699007,-0.0017460448639474895,-0.0016763055959298741,-0.0013856831610228166,-0.0009385627354643756,-0.0004282857110923288,3.926372546466725e-5,0.0003709193637204922,0.0005177857179853041,0.0004968808083705681,0.00038549034176646365,0.000285643872719662,0.00027587430041567043,0.00037669890659688753,0.000547812521085793,0.0007150306049211137,0.0008079313231725462,0.0007865546918511079,0.0006475045777800606,0.0004153073655016445,0.0001311470064271936,-0.00015477952780982345,-0.0003902903446541016,-0.0005322600049850718,-0.0005591991959465615,-0.00047678726737397,-0.0003116679848309587,-9.937793209791527e-5,0.00012277130564884657,0.00031477416192944065,0.0004341485353935858,0.00044818999760369013,0.0003556570874748148,0.00020005764113053753,5.7413792413614544e-5
0.0002766802413573404,0.0009766996726089036,0.0017754799059246833,0.0023127606998192916,0.0023529789027912744,0.0018585748613561292,0.0009518284146061502,-0.00018191583328003628,-0.0013685317411081589,-0.002456063884647847,-0.003289069577911964,-0.0037059143226428606,-0.0035909259077367066,-0.002954466012289565,-0.001976997896279976,-0.0009682376188900696,-0.00024682555047336865,0.03069308929991153,-0.00020014616694289332,-0.0006248562185949506,-0.000969530703759672,-0.0009936791818795942,-0.0006284084468793163,3.85824717680443e-6,0.0006595527932211585,0.001091430889150353,0.0011517546161449118,0.0008349702402771534,0.0002520333066895479,-0.0004346908077009555,-0.001073987034808803,-0.001559120114318936,-0.0018329594528006749,-0.0018830566789950212,-0.001740399724204542,-0.0014787517512266043,-0.0012013154366543458,-0.001008428269467226,-0.0009572789075856853,-0.0010359421349825006,-0.0011687607906830468,-0.0012517563499168532,-0.0011988277735330987,-0.0009745092556112897,-0.0005995520666804537,-0.00013323394051115606,0.00035167811348193974,0.0007865546550800972,0.0011135636068219106,0.0012880352502400675,0.001283719433495485,0.0011002392511200694,0.0007654900521064669,0.0003281973685283631,-0.00015518769690097626,-0.0006297673497824172,-0.0010427224845120646,-0.0013404809260468835,-0.001473091846721097,-0.0014104943831502667,-0.0011632504521954961,-0.0007932022420693617,-0.0004035328090677716,-0.00010930007846509826
0.00037778720554954985,0.0013535708330654672,0.0025279771485649154,0.003440267291837699,0.003757848447522381,0.003376950068577833,0.0023998390256522355,0.0010351364113734074,-0.0004950859439774408,-0.0019887136047166644,-0.003249953638028782,-0.004082078691924742,-0.004326095458466251,-0.003934706485426897,-0.00302958726936443,-0.0018896498455873874,-0.0008571815021415186,-0.00020014616694289332,0.032458719827896707,-0.0001254449627523203,-0.0003071477704187109,-0.00027422187304136446,0.00011616755411756215,0.0008170108346970702,0.001621370917757632,0.002261351240805224,0.0025219030176542017,0.002314859903448357,0.0016874611738235258,0.0007783379832262379,-0.00024238424867886388,-0.0012166391794503893,-0.002017595048765071,-0.0025578989254518817,-0.002801907474942983,-0.002780648780777975,-0.0025927846091860544,-0.0023765417992622725,-0.002256362785922848,-0.002288458849935946,-0.0024347861371027224,-0.002580511966277256,-0.0025856507271235702,-0.002343544514113058,-0.0018183900830394044,-0.0010499067959476888,-0.00013323393260235988,0.0008079312942134892,0.0016423445059065983,0.0022466767580572307,0.002522682176274915,0.002417900982203795,0.0019410832016923327,0.0011609388652177137,0.00018737233448417432,-0.0008518717771022024,-0.0018241541848583167,-0.002593709919617163,-0.00302875184864306,-0.0030317045617004076,-0.002589635165011249,-0.001815413248595972,-0.000942508533844596,-0.0002584806928775323
0.000436038850000856,0.0015743584819556742,0.0029808076396661805,0.004143437724850132,0.00467301169768927,0.004418282879766796,0.0034565131232915706,0.0019988308646016538,0.00029018433045137685,-0.0014394207886085754,-0.0029738909992218826,-0.004103565993077577,-0.004650751933690065,-0.004529633924050824,-0.003804362961351729,-0.002699332015971757,-0.0015378222283393302,-0.0006248562185949506,-0.0001254449627523203,0.03424183493535011,-3.4275804814504015e-5,4.827262060562782e-5,0.00044810902659145,0.0011926595036252574,0.0021242696246144854,0.002972618232525243,0.0034698382995892755,0.0034500475041556278,0.002891415179205712,0.0018962652847917109,0.0006376406823516585,-0.0006917637066798444,-0.0019109330241551439,-0.0028694939209402,-0.0034699719752905415,-0.003695474835632895,-0.0036251838177631924,-0.0034152865984878713,-0.0032404914708203058,-0.0032184747819348444,-0.0033554058604183317,-0.003542406688909367,-0.003605203521791515,-0.003380383860703437,-0.0027800307687401615,-0.001818390012864816,-0.0005995519701698404,0.0007150307031780433,0.001939111053808695,0.0028880715244043735,0.0034055254387430783,0.0033942970290830195,0.00284270470183054,0.0018297246412568365,0.000503230984146442,-0.0009541632790284462,-0.002348680575069851,-0.003481508037008585,-0.0041576128928791835,-0.004225664304396604,-0.0036510540000326743,-0.0025817658648144854,-0.0013486480398912253,-0.0003712309232338922
0.00045372957013789793,0.0016453914522707375,0.003139464033408513,0.004416221209096005,0.005069184017691795,0.004923044517766707,0.004032597721852097,0.0025971902728048,0.0008633603518596205,-0.0009304994466251451,-0.002563694171922063,-0.0038300757579852744,-0.0045552093364536845,-0.004639981374561023,-0.0041088521207921745,-0.003129892944292103,-0.0019822468110967874,-0.000969530703759672,-0.0003071477704187109,-3.4275804814504015e-5,0.034955507287512885,6.025865715202368e-5,0.00039160007172866677,0.001096169463608922,0.002079562167409775,0.003089808082437161,0.003824263498884672,0.004047715733234873,0.003666367180979009,0.002734644997948818,0.001411866991317694,-9.396864523222707e-5,-0.0015683098752248747,-0.0028173611596189053,-0.0036957428454170793,-0.004141408297564494,-0.004202844947943059,-0.004031926544343238,-0.0038289261398357327,-0.003756516588440791,-0.003864156422642445,-0.004063690622913354,-0.004170048584662928,-0.003984992222496295,-0.003380383867371772,-0.0023435445341330094,-0.0009745092562293893,0.0005478125175755123,0.0020056649480409555,0.0031766096805607787,0.0038662581523556394,0.003945530758593536,0.003384311765860373,0.002262252975139931,0.0007467718286340316,-0.0009475066108827945,-0.002589906047130474,-0.003943448720543046,-0.004774391415315414,-0.0048969082197876075,-0.0042594972691166995,-0.0030271455639505566,-0.001586890049430806,-0.00043772921291529914
0.0004438271271869052,0.0016125300550604092,0.003087451044145465,0.004367288411093986,0.005056057933747625,0.0049758117634596906,0.004167863381518791,0.0028154869477296026,0.0011545412904381738,-0.0005806573277616498,-0.002173234649810869,-0.0034276343629441918,-0.004185190095066207,-0.004354918686141161,-0.003946560359910758,-0.0030879217082402967,-0.002010481454708589,-0.0009936791818795942,-0.00027422187304136446,4.827262060562782e-5,6.025865715202368e-5,0.03422931032285798,0.0001448263282553168,0.0006728321638408916,0.0015701019380082626,0.00262971677326139,0.003539351391069616,0.004008799427124342,0.0038729552182287944,0.003128296156791783,0.001904558823722416,0.00040638835845996016,-0.0011390963716384423,-0.002517361347858954,-0.0035558827882414866,-0.0041596335405605376,-0.004343896112180695,-0.004238205064637861,-0.004041451350007394,-0.00393705977653518,-0.004007099183334948,-0.004191423565750945,-0.004315215301200754,-0.00417004861649528,-0.003605203450407778,-0.0025856507620941375,-0.0011988277849564256,0.0003766989233384268,0.001914184312080049,0.003177024679083916,0.00395436200000658,0.004100649815217153,0.003572670914162625,0.0024442305989666605,0.0008859181307222806,-0.000877410267131399,-0.002601725448750389,-0.004036073701850607,-0.004932180145953041,-0.005089693878728827,-0.004447071220216166,-0.003171045005719941,-0.001666246112263033,-0.00046026501131784235
0.000425301725620884,0.0015447646657990872,0.0029568200777282737,0.004182564841898004,0.004846025946470095,0.004779727739763719,0.0040230772756678764,0.002748662405415648,0.0011805798338890897,-0.0004540769010199753,-0.0019425839345729708,-0.0030974230068412383,-0.0037762070147841923,-0.00390674140188824,-0.0035057426040318866,-0.0026850224935086025,-0.0016422396108335,-0.0006284084468793163,0.00011616755411756215,0.00044810902659145,0.00039160007172866677,0.0001448263282553168,0.032588662549870306,0.0002064073046701192,0.000845817488658176,0.0017868612868603573,0.0027408506691364953,0.003385993123397226,0.0034933018064061522,0.002995094957664516,0.0019784070323161395,0.0006296176192742926,-0.0008277134965628862,-0.002177525095652312,-0.003242128194522522,-0.003913105150585377,-0.004181739110633662,-0.004148543319871098,-0.003990055100223402,-0.003884213100471445,-0.0039261852651969915,-0.004079568280139989,-0.004191423534487021,-0.0040636906684113645,-0.0035424065326768307,-0.0025805120402682563,-0.0012517564017227381,0.0002758743049599088,0.0017821423722655992,0.00303387002357411,0.0038210168038752003,0.003995705735200512,0.0035091457391848895,0.0024278544547438516,0.0009157807999062989,-0.0008069156173503331,-0.002499547782092567,-0.003914347263256024,-0.0048059731379227625,-0.004975010525875447,-0.004357099788604034,-0.0031124667109796787,-0.0016375668659518864,-0.00045269316709125484
0.00041521169075228926,0.001505463132406316,0.002873240326324966,0.004048134416373362,0.004666560887240654,0.004573445618953186,0.003815439510665761,0.0025650564232565427,0.0010422146356098758,-0.0005284923147442079,-0.0019328891626616855,-0.002982580842335515,-0.003542269499847045,-0.0035565601378399828,-0.003060040008289668,-0.0021699170671703946,-0.0010712661679797392,3.85824717680443e-6,0.0008170108346970702,0.0011926595036252574,0.001096169463608922,0.0006728321638408916,0.0002064073046701192,0.03108906768487781,0.00023432104801046367,0.0008791088005914759,0.0017060941708936651,0.002394091856925851,0.0026668594792811397,0.002392870471178106,0.0016077906897271664,0.00047016369195058315,-0.0008079126152924148,-0.0020183964049322856,-0.0029937728105658232,-0.003632723484834907,-0.0039214046768700755,-0.003939669444982734,-0.0038346791494957154,-0.003759345769870447,-0.003799204503971015,-0.003926185267499864,-0.004007099135985796,-0.0038641564763880294,-0.0033554056293027927,-0.002434786250155388,-0.0011687608873818523,0.00028564386778114526,0.0017196210031970962,0.0029107717391680184,0.003658550312877446,0.003821722599427288,0.003353272312529294,0.0023159112353630246,0.0008656504019932591,-0.0007869091859359688,-0.0024106759719906786,-0.003767513609961314,-0.0046218798408156,-0.0047825427013222215,-0.004187807207198533,-0.002991388669317941,-0.0015738819175449806,-0.0004350987124901947
0.00042115007644181427,0.0015243073279184016,0.0029003222114076257,0.004067733513606185,0.004659244115472873,0.004525066479495113,0.003722010011314896,0.0024316988738133593,0.0008797536818566226,-0.0007041733157058153,-0.00209768612835123,-0.0031019707251456674,-0.0035759304860652455,-0.003469727240883145,-0.002833700074471992,-0.001800720675099323,-0.0005607022370800085,0.0006595527932211585,0.001621370917757632,0.0021242696246144854,0.002079562167409775,0.0015701019380082626,0.000845817488658176,0.00023432104801046367,0.030650572493129826,0.00022344820565091224,0.0007671876723524799,0.0013460352253267846,0.0016612223566780445,0.0015252234032100825,0.0009185233505221996,-3.333510542692054e-5,-0.0011299067084902742,-0.002168505194854566,-0.002993768169089227,-0.003523651893803075,-0.003759779233874261,-0.003781737164478004,-0.00371758606081977,-0.0036904486123409447,-0.0037593457681689584,-0.0038842130996870764,-0.003937059715422643,-0.0037565166380742103,-0.0032184745116617774,-0.002288458992068704,-0.001035942270161075,0.000385490325486062,0.001773641359877077,0.0029139731704460226,0.0036144647089757158,0.003742205241762337,0.0032563366454785,0.0022215653082214753,0.000791384087634746,-0.0008289957930890724,-0.0024146642666377006,-0.003733658610467863,-0.0045570201762863685,-0.004700306035604483,-0.004106533876618803,-0.00292862124635322,-0.0015391796233442702,-0.00042523617413341304
0.000437857752794048,0.0015840672535171751,0.0030112925576311626,0.004216528436102085,0.0048165223535828385,0.004656738312171131,0.0037998979889998664,0.002438670486733032,0.0008092427429179466,-0.0008497482185050066,-0.002305300160357264,-0.00334400231436578,-0.0038094670672825267,-0.0036435871599083914,-0.0029004612499902247,-0.001725058299737885,-0.0003177993100965015,0.001091430889150353,0.002261351240805224,0.002972618232525243,0.003089808082437161,0.00262971677326139,0.0017868612868603573,0.0008791088005914759,0.00022344820565091224,0.03150378071744898,0.00017617502557652895,0.0005324949828722256,0.0007755376287252552,0.0006755115266222308,0.0001574889435412733,-0.0006900434238359179,-0.0016756619845674325,-0.0025905445179205382,-0.003278555712240623,-0.003673286940836812,-0.0038031187005232916,-0.003769949701374736,-0.003706005714424823,-0.003717586077008386,-0.0038346791611991245,-0.003990055104281657,-0.004041451284241451,-0.0038289261640705526,-0.003240491184846018,-0.0022563629041834465,-0.0009572790235653833,0.0004968808235654913,0.0019010967146648225,0.003039914776719523,0.0037222750900449287,0.003818785230952495,0.003294321880696838,0.0022197522396212727,0.00075325147428311,-0.0008971992254263091,-0.0025047844610779518,-0.0038354963227286514,-0.004658595058626724,-0.004789667276999479,-0.004174685223455926,-0.0029719324211471966,-0.0015599850511458643,-0.00043066203109451005
0.00044970370392781505,0.0016288737239100386,0.0031023580103444397,0.004354735866656828,0.004988716660352723,0.004839103737835248,0.003965191582197937,0.002562866535830359,0.0008738073416941282,-0.0008589880589261841,-0.002397843670005135,-0.0035197777411622626,-0.004052235942367067,-0.003919181982742543,-0.003162894086418198,-0.0019259159949634238,-0.000410991304222426,0.0011517546161449118,0.0025219030176542017,0.0034698382995892755,0.003824263498884672,0.003539351391069616,0.0027408506691364953,0.0017060941708936651,0.0007671876723524799,0.00017617502557652895,0.0330752320920348,0.00010140097260528158,0.00021688677017830393,9.066695056604431e-5,-0.0004062203248752629,-0.0012291333997016594,-0.002197502735511332,-0.003084825876502085,-0.0037121760642137842,-0.004008239244031869,-0.004021540574682081,-0.0038883125972939453,-0.0037699497153047983,-0.0037817371860344347,-0.00393966945802603,-0.004148543321253619,-0.00423820500616157,-0.004031926550396873,-0.003415286359175991,-0.0023765418963844053,-0.0010084283685936357,0.0005177857440131189,0.0019873932084028844,0.0031763395105291873,0.003886299272714521,0.003983732764795566,0.0034342118079215013,0.0023139570873282637,0.0007890283177080328,-0.0009244415219252562,-0.0025919366202329566,-0.003971577743737762,-0.004824468908547196,-0.004959700238802535,-0.004321908995334448,-0.0030759042761854182,-0.0016141612838522228,-0.00044554297528051357
