x1,x2,x3,x4,x5,x6,x7,x8,x9,x10,x11,x12,x13,x14,x15,x16,x17,x18,x19,x20,x21,x22,x23,x24,x25,x26,x27,x28,x29,x30,x31,x32,x33,x34,x35,x36,x37,x38,x39,x40,x41,x42,x43,x44,x45,x46,x47,x48,x49,x50,x51,x52,x53,x54,x55,x56,x57,x58,x59,x60,x61,x62,x63,x64,x65,x66,x67,x68,x69,x70,x71,x72,x73,x74,x75,x76,x77,x78
0.22212873404134498,-0.033982105572791396,-0.009115239094477895,-0.006757349396853206,-0.009391840238770918,-0.03402281371467683,-0.008325765292234319,-0.008476805562491321,-0.0024944171955927075,-0.003743975248526113,-0.03513932990317706,-0.03519410077107982,-0.0036791073525829776,-0.006630620924610919,-0.00661905066878235,-0.0010122353735989853,-0.000843660239159813,-0.0017621423373703066,-0.0018077504926109766,-0.0007983688470889622,-0.001220199066426092,-0.0011534292036967098,-0.0004757249700077515,-0.0005263400534721296,-0.0005834473054793232,-0.0005683914004839252,-0.000521661860949485,-0.0005733440853994548,-0.0005833151733313502,-0.0002765825593686183,-0.00033724761793040015,-0.0004763645586457199,-0.0004950351310192835,-0.0002955798396952619,-0.0005944623816216965,-0.000545273777810204,-0.00016399113576454072,-0.0001285165129579352,-0.00016810499451752614,-0.00019375485442671425,-5.789835067926408e-5,-0.0001715665036882974,-8.359543176893192e-5,-4.497903158449945e-5,-8.368976939276962e-5,-4.9181592560565424e-5,-5.8768638646247706e-5,-6.805572591833675e-5,-9.591463987322635e-5,-8.313143952841384e-5,-5.49913385644446e-5,-6.546480583996539e-5,-8.949355924381397e-5,-8.15441012841922e-5,-6.380250970230983e-5,-0.00012398161279487951,-0.00011478839250028683,-5.7974755537273936e-5,-4.307296159181129e-5,-5.141851959503119e-5,-6.89429016197951e-5,-3.857745131846668e-5,-5.776099233520404e-5,-6.363986000321176e-5,-3.740292823632696e-5,-5.0838512895362564e-5,-4.811604206544917e-5,-4.6117282468449705e-5,-5.4108701094762734e-5,-5.905861359700726e-5,-5.7254397805378554e-5,-4.602469849983304e-5,-5.7523199434653116e-5,-3.654334395611358e-5,-4.0426485957728575e-5,-4.7968050747096425e-5,-5.2089748766984134e-5,-4.5582440755378983e-5
-0.033982105572791396,0.23665689502003576,-0.06203195485107969,-0.008848838094226243,-0.002134079283768242,-0.0023637486653861617,-0.05491971934722544,-0.0019038983053290964,-0.0014197294553069395,-0.004486571444645593,-0.03774525924554134,-0.0015444594284572677,-0.0013913087168461458,-0.007659142665704527,-0.0012112535479430891,-0.0005778735138254054,-0.00045747664108050645,-0.0016854441009306331,-0.00130337351809659,-0.0006133791813580924,-0.0008706453373959061,-0.000987636732347072,-0.00031680764755617763,-0.00038466998510416905,-0.00037240749358707914,-0.0004141718461610766,-0.0005262700240276919,-0.0004427400542393184,-0.0005524471054633301,-0.00019248204828911653,-0.00029074084261124233,-0.0003638911610257811,-0.0004862939401125421,-0.0002683298082838681,-0.0004871960106002937,-0.0005299629113554721,-0.00011769886114543215,-0.0001410567717290978,-0.00011002251689579134,-0.0001480754825827768,-6.827164529119023e-5,-0.00015080692458722955,-9.717879834193754e-5,-3.854718127746515e-5,-8.350134209969551e-5,-3.633858797194578e-5,-4.752318460660154e-5,-6.054596895058162e-5,-9.484206179791177e-5,-8.128469499507629e-5,-5.289527179649922e-5,-6.542850267954314e-5,-8.757159956429561e-5,-8.158154216730829e-5,-6.312498087651663e-5,-0.00012347742745644208,-0.00011639235787780366,-5.2284970840865697e-5,-4.015444130514578e-5,-5.13572332280221e-5,-7.127712217458448e-5,-3.5404801652233475e-5,-5.5713615182861886e-5,-6.321558020846996e-5,-3.41319763795811e-5,-5.232787132977701e-5,-4.2872619895162334e-5,-4.383716450370723e-5,-5.516237258235135e-5,-5.727438578442823e-5,-5.6753327870251447e-5,-4.154395652461451e-5,-5.696201938104606e-5,-3.584377508927816e-5,-3.926516641564182e-5,-4.447762010989509e-5,-5.166149029561806e-5,-4.289927687418926e-5
-0.009115239094477895,-0.06203195485107969,0.22435563732841116,-0.031014469390896485,-0.005627961904278139,-0.0020339207080448674,-0.06510057600413499,-0.002136326981616768,-0.0021126344323798563,-0.002508489744235176,-0.009008892185316239,-0.002010507045174831,-0.002747928520582116,-0.0046634323339675154,-0.0026696732443617782,-0.0009479436029770361,-0.0006183114204452722,-0.0011284890355740262,-0.002184853809604703,-0.0007182970668661304,-0.0008385188979760788,-0.0014897123883013536,-0.0005504661046081133,-0.0005768387213774262,-0.0004364282483596271,-0.0007945948628815813,-0.0008146146601138993,-0.0005881859972754339,-0.0009393419010826076,-0.0003756537273150451,-0.0005860833705080559,-0.0006182228498689823,-0.0006993342215223519,-0.0002495232176830675,-0.000916757926539391,-0.0006534423959485419,-0.000217768952360059,-0.0002121056450646308,-0.00023955706948904087,-0.00023862648423453314,-7.633530509301711e-5,-0.0002124228841889897,-0.00014931587584866846,-7.256621275765485e-5,-0.0001533880111684316,-7.715233303406954e-5,-6.760353662804697e-5,-9.097290486526077e-5,-0.00016515379210949033,-0.00012244566668287438,-8.776330664150844e-5,-0.00011590250709775374,-0.00016403189447919408,-0.00012727258207953507,-9.68748323839086e-5,-0.000224388958031993,-0.00017853154812015604,-8.84107760777686e-5,-6.717113763485272e-5,-8.927262786537216e-5,-0.00011495429856467343,-6.378912857843422e-5,-9.635779035793712e-5,-0.00010862693513156996,-5.946130220522983e-5,-8.673369090464456e-5,-7.629382868787338e-5,-7.363954942576911e-5,-9.680220962129948e-5,-0.00010049906469182524,-9.542259809884601e-5,-6.93791652598974e-5,-9.244190713530998e-5,-5.8547598457941996e-5,-7.159958639205155e-5,-8.29214108051951e-5,-8.608574204647945e-5,-7.942581070335963e-5
-0.006757349396853206,-0.008848838094226243,-0.031014469390896485,0.1468454339769345,-0.030683755015287296,-0.008750458368138522,-0.013263871808162742,-0.013124459893614479,-0.0026622388095093666,-0.0015002596037195226,-0.003175762563908585,-0.0031195319921823866,-0.001499736952043404,-0.001718023683484185,-0.0017264826158573665,-0.0013021415862334712,-0.0007408223360614585,-0.0014712225720217575,-0.0015054619371780847,-0.0006760068901592309,-0.0010889354354427574,-0.001005343129460358,-0.0007095951191709235,-0.0005618064909115317,-0.0006798917324884746,-0.0006378944157778843,-0.0005971982158529121,-0.0005859434060758242,-0.0006206788431550592,-0.00046615502562725314,-0.0003835492376911692,-0.0004898072061970682,-0.000526420566009364,-0.0003281763898178233,-0.0006339779668540838,-0.0005811118115957026,-0.0002512942990339495,-9.269052618682272e-5,-0.00024455114754803886,-0.00030304407982478104,-1.5867622984860885e-5,-0.0001347124912586331,-6.647182042608668e-5,-6.0110596271548133e-5,-9.670864752270303e-5,-6.827972947631017e-5,-7.485613083407783e-5,-7.966816947167776e-5,-9.991397549428266e-5,-8.419169734268095e-5,-5.537185299370195e-5,-7.788644037391712e-5,-0.00010324629416408326,-7.56518783247423e-5,-4.84529651541693e-5,-0.00014519555856191274,-9.037639490898364e-5,-6.758080367386121e-5,-4.981312511412317e-5,-5.5813187999603775e-5,-5.7149772688502853e-5,-4.632767169943097e-5,-6.488184698303506e-5,-6.57608156412609e-5,-4.47244961324228e-5,-4.5670221316185255e-5,-6.407643671151042e-5,-4.60168111822562e-5,-5.3425815591673365e-5,-6.778076044207382e-5,-5.3016396314789493e-5,-5.231710174213172e-5,-5.250556941939488e-5,-3.4165595647658864e-5,-4.818332051310936e-5,-6.254907792459241e-5,-4.9996029579217616e-5,-5.775830077592997e-5
-0.009391840238770918,-0.002134079283768242,-0.005627961904278139,-0.030683755015287296,0.22348871646415958,-0.062005268986618886,-0.00217232111550561,-0.06436313820632938,-0.00214543692645823,-0.0028114648975525736,-0.0019209563267685859,-0.009099603302373985,-0.002527859232547419,-0.0026008038415639007,-0.00467953279614193,-0.0010109802113286437,-0.0008328224685021091,-0.002127638580921881,-0.0011799047360413484,-0.0006042017001322286,-0.0016304700360095653,-0.0008180399728544424,-0.0006315851329263128,-0.0007938275723889943,-0.0008445886015262805,-0.0004508430218413684,-0.0005676270220397739,-0.0009110110487136752,-0.0005838519025459787,-0.00038184375017490113,-0.0003171012671295964,-0.0006746431515055606,-0.0006747221791048308,-0.0005484398525066186,-0.0007099595014523064,-0.000876743640354477,-0.00024115592333526226,-0.00016342417851263058,-0.00020572640269411746,-0.0002990604269261926,-8.526251230840665e-5,-0.0002647751000757065,-8.093452101767817e-5,-5.683321010982456e-5,-9.614583307979152e-5,-5.2173897213902976e-5,-9.62900741720285e-5,-0.00010701991909695119,-0.00011850598285513547,-0.00012025738975451894,-7.35217052051651e-5,-7.817796817349842e-5,-0.0001034427940153626,-0.00011685909224978808,-8.902956091899616e-5,-0.00014635436423064696,-0.00016095147444053493,-8.128867957284125e-5,-6.011529135410698e-5,-6.438139171871526e-5,-9.027752171880676e-5,-5.0135850689997374e-5,-7.537306054074266e-5,-8.108311404719792e-5,-5.0954968421793034e-5,-6.655030756394509e-5,-6.601966797464831e-5,-6.232816011231268e-5,-6.664264280603627e-5,-7.658259585915927e-5,-7.511094694337417e-5,-6.490070537622239e-5,-7.871038105106143e-5,-5.019878607767647e-5,-4.993001824046828e-5,-6.0464216119632264e-5,-6.961409349649783e-5,-5.7284310092248214e-5
-0.03402281371467683,-0.0023637486653861617,-0.0020339207080448674,-0.008750458368138522,-0.062005268986618886,0.23659951333358054,-0.0018713799425324612,-0.05478203481159002,-0.0014296485126316927,-0.0013157035764992386,-0.00158024532448503,-0.03787867517968188,-0.004540106260648186,-0.0011833931146936622,-0.007726456146379804,-0.0006099289251671747,-0.0006796480671957816,-0.001234694910597356,-0.0017506727346441597,-0.0004477198739220867,-0.001034128960406,-0.000832044967695636,-0.00034199503343401716,-0.000548481038238513,-0.00042323736883839724,-0.0003834599677774442,-0.0003718092180501342,-0.000550101818051596,-0.00044592874512507097,-0.00018977401809502914,-0.00031759846184931106,-0.0004865287094540649,-0.0003705826059531292,-0.0002601492923648141,-0.0005957689327765331,-0.0004417246749489623,-0.00012693736330054994,-0.00013424997534000616,-0.0001408230942366584,-0.000128724998454538,-7.704764737812009e-5,-0.00019740555448241603,-7.173283883465942e-5,-3.555543896288649e-5,-6.866184162282463e-5,-3.704826251652027e-5,-5.126373906222392e-5,-6.125079881344475e-5,-8.61811583959815e-5,-7.698993509883123e-5,-5.155651686278295e-5,-5.161274483284073e-5,-7.467567239821671e-5,-7.966789300808963e-5,-6.923434645667026e-5,-0.00010050006461756467,-0.00012110841159256036,-5.202848619578759e-5,-3.7954746418544794e-5,-4.4667628415512306e-5,-6.97030130544507e-5,-3.284247275336938e-5,-5.020007829634188e-5,-5.768363391592257e-5,-3.252405797191105e-5,-4.928291544223362e-5,-3.851304824978308e-5,-4.419911390948772e-5,-4.967433862407278e-5,-5.0404057207437125e-5,-5.57445341568541e-5,-4.202056056269721e-5,-5.6932830382383504e-5,-3.588721026295816e-5,-3.3350442012053394e-5,-3.765197646865559e-5,-4.985021711730042e-5,-3.6338039275732315e-5
-0.008325765292234319,-0.05491971934722544,-0.06510057600413499,-0.013263871808162742,-0.00217232111550561,-0.0018713799425324612,0.1910373828845764,-0.002274732605601737,-0.0015284975024122682,-0.0025728581395674105,-0.00925620779956314,-0.0018229727306098426,-0.0022115376819208388,-0.004252588941353927,-0.002497394049867631,-0.0006899893127839396,-0.0004973015090460747,-0.001077300759753333,-0.0018309974107398874,-0.0006041998416846245,-0.0007295543360525125,-0.001244474019339789,-0.00042059256126290856,-0.0005145206856241452,-0.00037513797505714375,-0.0006326239801874856,-0.0007496269613712914,-0.0005502362582951933,-0.0008407131339532789,-0.0002794469094350577,-0.0004872151884351972,-0.0005408673865238134,-0.0006672470857616991,-0.000273668787202086,-0.0007733566701027261,-0.0006644178627527517,-0.0001701248808651662,-0.00022184417573653525,-0.00017468346497802323,-0.0001983926685819315,-8.822884461477665e-5,-0.0002181941214985661,-0.00014670990606723694,-6.270129738225605e-5,-0.00014154975620152277,-5.9730627799098324e-5,-6.18727715575168e-5,-8.582599412169933e-5,-0.00015680491943842467,-0.0001200560874009271,-8.42389636186297e-5,-0.00010680022834683167,-0.00015074624376498758,-0.00012670883416172896,-9.828773023544402e-5,-0.00020698373006745874,-0.00018124638166060192,-8.141091608560025e-5,-6.270395323036693e-5,-8.424238352884583e-5,-0.00011502878825091212,-5.803535422634065e-5,-9.017454233904709e-5,-0.00010366701605268869,-5.446143223278299e-5,-8.560235162742569e-5,-6.80675740779707e-5,-7.032683668072026e-5,-9.306492890118201e-5,-9.393837455787257e-5,-9.280338318035097e-5,-6.426732101286886e-5,-9.09348197225962e-5,-5.721090829313713e-5,-6.592965782650784e-5,-7.427587454825191e-5,-8.371583964342233e-5,-7.187740437991641e-5
-0.008476805562491321,-0.0019038983053290964,-0.002136326981616768,-0.013124459893614479,-0.06436313820632938,-0.05478203481159002,-0.002274732605601737,0.18993631578224401,-0.0014762642691808214,-0.0022079038156732483,-0.0017297178194518037,-0.009370245048126627,-0.002636936220729663,-0.002440043916454991,-0.004321807744706127,-0.0007263243520342078,-0.0006942054197632275,-0.0017603594079298596,-0.001134029421854546,-0.000492564134649931,-0.0013485535433405832,-0.0007131492597931277,-0.000483401007829079,-0.0007562319062348888,-0.0006489466392296667,-0.0003941895567272091,-0.0004943372491025694,-0.0008214035070598508,-0.0005406876523683379,-0.00028026918211172813,-0.0003366674361762467,-0.0006596435538863271,-0.0005774609510611484,-0.0004501127919184361,-0.0007310545999924326,-0.0007258526582078137,-0.00019309014154660076,-0.00017376053038606343,-0.00018244685336687994,-0.00021456954149129404,-0.00010707755672059727,-0.00027413413776073564,-8.808516392912191e-5,-4.953468433001318e-5,-9.009040774628219e-5,-4.615861200542304e-5,-8.142400946187234e-5,-9.556888754730375e-5,-0.00011621308794261542,-0.0001136887814463805,-7.19167096938228e-5,-7.032491958886e-5,-9.843205743552408e-5,-0.00011632409170163338,-9.494995524543526e-5,-0.0001349640807336433,-0.000169397057635301,-7.513318689340853e-5,-5.534788261117585e-5,-6.154407617806057e-5,-9.466882312610114e-5,-4.60144432052334e-5,-7.071978573540416e-5,-7.885497599151303e-5,-4.666172088187148e-5,-6.819838806865208e-5,-5.666482979024834e-5,-6.183918531660337e-5,-6.694794214938404e-5,-7.095826713553188e-5,-7.66994890799566e-5,-6.0619130611665184e-5,-7.984040156844285e-5,-5.057476884361145e-5,-4.579865306490738e-5,-5.289236185886115e-5,-6.958778605334337e-5,-5.083898417276855e-5
-0.0024944171955927075,-0.0014197294553069395,-0.0021126344323798563,-0.0026622388095093666,-0.00214543692645823,-0.0014296485126316927,-0.0015284975024122682,-0.0014762642691808214,0.2292723027229423,-0.03634074675261906,-0.004289682301329756,-0.004462312808455271,-0.036833422408585614,-0.007174539995652415,-0.007370758356589388,-0.0024938156609387307,-0.004122629221329832,-0.03703059120516844,-0.03715652247161673,-0.003984678838717948,-0.007168767682716126,-0.006991586132499658,-0.001171203941405477,-0.0010860296299212424,-0.0016788298468091434,-0.0016321472541636628,-0.0011389268007155895,-0.001259951494694378,-0.0012937366564597513,-0.0005560368307457042,-0.00047266168443209355,-0.0008363060958871404,-0.0008970945109657291,-0.0004336110902852658,-0.000854951186096839,-0.0008206190650445477,-0.00032157254445563943,-0.0001510661761868065,-0.00031595702956636884,-0.00037841165730038984,-5.7623673979739776e-5,-0.00021340494010885225,-0.0001159486575326718,-7.179402006918245e-5,-0.0001168119546129942,-9.129753514348915e-5,-9.890538916026981e-5,-0.00010147947612226815,-0.000123054674657605,-0.00011343011809580861,-7.21882757228065e-5,-9.592632582117178e-5,-0.000120590666916498,-0.00010057045241698703,-7.403003822487042e-5,-0.00017396523006851794,-0.00013308795433020215,-8.390755103113157e-5,-6.044447830844124e-5,-6.827709066004051e-5,-7.981287201277998e-5,-5.5476342089522124e-5,-7.887075450277448e-5,-8.253100861627116e-5,-5.36476210662995e-5,-5.994956022525866e-5,-7.308836724712053e-5,-6.026521882346314e-5,-6.582198372206971e-5,-8.034932403751249e-5,-6.992627002173901e-5,-6.588217746493485e-5,-7.046808656668846e-5,-4.536522164477752e-5,-5.5802439074020826e-5,-7.023377858353386e-5,-6.471998002811896e-5,-6.531877932608454e-5
-0.003743975248526113,-0.004486571444645593,-0.002508489744235176,-0.0015002596037195226,-0.0028114648975525736,-0.0013157035764992386,-0.0025728581395674105,-0.0022079038156732483,-0.03634074675261906,0.2362308690539216,-0.04758991367598668,-0.0018948585931351236,-0.0026020099515233486,-0.05061297856029846,-0.001757410518124461,-0.0018417611300493852,-0.004633123902467867,-0.040046976896992784,-0.002610475873030732,-0.001372661182714452,-0.008258757823053658,-0.0013060776648271405,-0.0007797577486792773,-0.0007856639055234538,-0.0016289852577992259,-0.0009662285242315882,-0.000841160561234483,-0.0010441270252824486,-0.0008906166358277068,-0.0004079917039089692,-0.0003061430085653516,-0.0006022876647625575,-0.0006746941176017374,-0.00048476177592854386,-0.0006128161400483501,-0.0007586548386935149,-0.00023416094366834894,-0.00011021131623734082,-0.00020571193379761987,-0.00030628901552778864,-6.508198649773922e-5,-0.00017698870601276506,-8.651106499232841e-5,-5.3770443431189197e-5,-8.293899047295827e-5,-5.924861686795735e-5,-8.943728365026771e-5,-8.931335670211982e-5,-9.590671083582747e-5,-9.713141416455018e-5,-5.6777981195521576e-5,-6.758546943433363e-5,-8.855012186073652e-5,-8.522748396241897e-5,-5.953999818192335e-5,-0.00012406372309872737,-0.00010867769791450543,-6.587386802384132e-5,-4.923860883523923e-5,-5.164893006656679e-5,-6.168495818262287e-5,-4.147018136224645e-5,-6.125740390201806e-5,-6.150895097145614e-5,-4.1852899467315074e-5,-4.691691272956655e-5,-5.7745383200580314e-5,-4.6844836883191965e-5,-4.9273526663090594e-5,-6.169740996782302e-5,-5.4235409065739315e-5,-5.2162349517825835e-5,-5.609028691452855e-5,-3.620699628106849e-5,-4.095523947975077e-5,-5.2674383447720574e-5,-5.07089283921236e-5,-4.882942868515705e-5
-0.03513932990317706,-0.03774525924554134,-0.009008892185316239,-0.003175762563908585,-0.0019209563267685859,-0.00158024532448503,-0.00925620779956314,-0.0017297178194518037,-0.004289682301329756,-0.04758991367598668,0.2365247783775169,-0.0013435806151357588,-0.001880638414853364,-0.05351524084529035,-0.0017779402382001874,-0.0010552472438453697,-0.0014926187857774165,-0.005674853156121373,-0.0016038595801596556,-0.0011111627721223372,-0.0028099394313616383,-0.0014992386341696196,-0.00047292660185016544,-0.000536933686180352,-0.000713701918980153,-0.0006477446647495666,-0.0006394731955740585,-0.0006780702988124637,-0.0007242446688292686,-0.0003014671154706744,-0.00031388305875970635,-0.0004897750489810115,-0.000682033098944379,-0.00038170912235815924,-0.0005972304005341378,-0.0007350921180427905,-0.00017828430345920299,-0.0001415830645775662,-0.00015162398831183865,-0.00023692051921028745,-6.774772745968272e-5,-0.00016620108280876456,-9.814931883871114e-5,-4.937630264592596e-5,-9.500628864178573e-5,-4.6513797981900806e-5,-6.884653750061087e-5,-7.905257539231325e-5,-0.00010709793681031032,-9.650581431562555e-5,-5.9770570206951756e-5,-7.447148565753459e-5,-9.994495055251629e-5,-9.158546311177629e-5,-6.700811987844779e-5,-0.00014029032393475527,-0.00012426497369437406,-6.338653035048436e-5,-4.859400994833285e-5,-5.77703963783871e-5,-7.479172370314369e-5,-4.2042339744557955e-5,-6.477552882608317e-5,-7.001420287605642e-5,-4.1270690208511374e-5,-5.601448900569017e-5,-5.448082884806915e-5,-4.955044940183062e-5,-5.950788826447617e-5,-6.627894549682267e-5,-6.182293028475505e-5,-5.013152016379585e-5,-6.256019331896123e-5,-3.9797812453834513e-5,-4.5139194035398456e-5,-5.384673626751546e-5,-5.7047578530991516e-5,-5.113738372408694e-5
-0.03519410077107982,-0.0015444594284572677,-0.002010507045174831,-0.0031195319921823866,-0.009099603302373985,-0.03787867517968188,-0.0018229727306098426,-0.009370245048126627,-0.004462312808455271,-0.0018948585931351236,-0.0013435806151357588,0.23674808099111158,-0.047308408851074873,-0.001767988250447633,-0.053462135458830475,-0.0010655305432656914,-0.0011767692580773315,-0.001562789453752933,-0.005723476619722279,-0.0013950159133530038,-0.0015445433164607003,-0.002661421421923729,-0.00046941701603597785,-0.0006353835766879645,-0.0006744191519874321,-0.0006870261532388178,-0.0005456786078474607,-0.0007227869562333178,-0.0006844324108542382,-0.0002923578748361133,-0.0004155030263012782,-0.0006286893937973714,-0.0005217567484838981,-0.0002915786431597067,-0.0007589012922992466,-0.0005804029361577423,-0.00017849891639418192,-0.00015570420173277588,-0.0001956204068009615,-0.00018773400224261771,-6.75768456343262e-5,-0.00020607145563819596,-8.471673602206131e-5,-4.876671466352844e-5,-9.252039872759132e-5,-5.286456594078004e-5,-5.973330845518432e-5,-7.235914629552531e-5,-0.00010584957518189331,-8.976479269660886e-5,-6.074469189421006e-5,-6.995871925111197e-5,-9.835837156754734e-5,-9.029064340695947e-5,-7.508085659724273e-5,-0.00013502428613958173,-0.00013272086353481594,-6.338484008333589e-5,-4.627355465730565e-5,-5.610629022531621e-5,-7.950933570419205e-5,-4.222636695522253e-5,-6.262332118291136e-5,-7.134444539132201e-5,-4.067133484536578e-5,-5.73196249677721e-5,-5.0664141914097405e-5,-5.1810645195965455e-5,-6.0781613723470684e-5,-6.400082106158833e-5,-6.485587639659673e-5,-5.044586496270875e-5,-6.505759990457771e-5,-4.120686227351844e-5,-4.4061470867329255e-5,-5.113916492763271e-5,-5.848896041892038e-5,-4.888896736129911e-5
-0.0036791073525829776,-0.0013913087168461458,-0.002747928520582116,-0.001499736952043404,-0.002527859232547419,-0.004540106260648186,-0.0022115376819208388,-0.002636936220729663,-0.036833422408585614,-0.0026020099515233486,-0.001880638414853364,-0.047308408851074873,0.23673474863859226,-0.0017391730709570424,-0.05086137189953928,-0.001828078937985561,-0.0014116080374936557,-0.002614125742648077,-0.0402408907251116,-0.00441935375159172,-0.0013570697616884647,-0.0079852239307662,-0.000734273516426881,-0.0008242301341854219,-0.0009770192469130135,-0.0015705868203419737,-0.0008240033981129768,-0.0008752620745212519,-0.0010767399110185177,-0.00039946199870766197,-0.0005276777516509956,-0.0006265599892059937,-0.0006282648567246529,-0.00026404679524735797,-0.0008167995516230597,-0.0005755812644888808,-0.0002194811468864133,-0.00015571962857266475,-0.0002524279227751891,-0.0002385587722860405,-4.779133230511934e-5,-0.0001838396004122389,-0.00010270193410727435,-5.919624050895744e-5,-0.00010802275451621268,-7.443831370901322e-5,-6.260607655927952e-5,-7.294708267674421e-5,-0.00011360591537432074,-8.996815860155827e-5,-6.215884651092352e-5,-8.321823900375724e-5,-0.00011288756701444136,-8.650600255522001e-5,-6.674623227978516e-5,-0.00015718880460009743,-0.00011971388139718486,-6.688356086478886e-5,-4.8791463261366186e-5,-6.1020821421592375e-5,-7.579160410250974e-5,-4.7331516645821026e-5,-6.774747348410604e-5,-7.526166112700738e-5,-4.4003177028101303e-5,-5.602176711425044e-5,-5.773931897209983e-5,-5.210976598640782e-5,-6.313659714840547e-5,-6.9826627924513e-5,-6.393739988577729e-5,-5.24176678125543e-5,-6.245370224755575e-5,-3.973316697836182e-5,-4.9879900666766064e-5,-5.99637039873091e-5,-5.798515474660093e-5,-5.6584403582291e-5
-0.006630620924610919,-0.007659142665704527,-0.0046634323339675154,-0.001718023683484185,-0.0026008038415639007,-0.0011833931146936622,-0.004252588941353927,-0.002440043916454991,-0.007174539995652415,-0.05061297856029846,-0.05351524084529035,-0.001767988250447633,-0.0017391730709570424,0.18178943276547702,-0.002394356149911195,-0.0014650018818707644,-0.0022046269671155277,-0.008607328106676207,-0.0014504201692464719,-0.0012524441777033296,-0.0036962737174363117,-0.001399904321653142,-0.000643979317425103,-0.000684151342651762,-0.0010681126370875732,-0.0007739905653237761,-0.0007605482648327944,-0.0008536316066696456,-0.0008219598768706635,-0.00039234990946183934,-0.0003083703994356396,-0.0005592616665714423,-0.0007357009785275148,-0.000501721571472033,-0.0006098870251613833,-0.0008607474671154941,-0.00022515434061325112,-0.00013919030191249238,-0.00018591867336692491,-0.0003067361606107627,-6.869791685888693e-5,-0.0001855724510450643,-9.843779178526912e-5,-5.752321770177704e-5,-9.960519513084465e-5,-5.496381446769283e-5,-8.772020217216736e-5,-9.47706317036695e-5,-0.00011344596319622091,-0.00010865483045992275,-6.479468123962717e-5,-7.927048133414549e-5,-0.00010555934778438969,-0.00010016648075825141,-6.877864433782466e-5,-0.00014794602995713696,-0.00012862272488922688,-7.220024651188872e-5,-5.51903793819114e-5,-6.128683929930434e-5,-7.565678302562384e-5,-4.6815576698500116e-5,-7.075874306475272e-5,-7.3542824705633e-5,-4.670156498429168e-5,-5.7576472293180414e-5,-6.357895827460713e-5,-5.348151053267969e-5,-6.088474118697007e-5,-7.219575349038526e-5,-6.438143378084682e-5,-5.697470893734763e-5,-6.610302487414232e-5,-4.2302424147655504e-5,-4.852275759370528e-5,-6.024350828245928e-5,-6.022844174166653e-5,-5.653792660625934e-5
-0.00661905066878235,-0.0012112535479430891,-0.0026696732443617782,-0.0017264826158573665,-0.00467953279614193,-0.007726456146379804,-0.002497394049867631,-0.004321807744706127,-0.007370758356589388,-0.001757410518124461,-0.0017779402382001874,-0.053462135458830475,-0.05086137189953928,-0.002394356149911195,0.18271206344628899,-0.0014653942480317012,-0.0013019635356451842,-0.0014519938041849673,-0.008694319046953017,-0.0021020216141549586,-0.0014427703014965251,-0.0035265393670292564,-0.0006138244037660473,-0.0007603196935621614,-0.0007963531891785891,-0.0010293809815699884,-0.0007218818730857363,-0.0008179513467151747,-0.0008926323611779946,-0.00038554843151317186,-0.0005464068813118006,-0.0006948573325674529,-0.0005955265256994413,-0.00027201282686793726,-0.0009178119501312421,-0.0005843995676720337,-0.00022067908591962004,-0.00016944574530707024,-0.00026232756768464205,-0.00022595862021417001,-6.401160360573754e-5,-0.00021857715562806357,-0.00010059150935412542,-6.183737631937358e-5,-0.00011490423829685348,-7.293080501938332e-5,-6.555719332336507e-5,-8.0874406296505e-5,-0.00012732703296418346,-9.967854669006015e-5,-6.97615455778483e-5,-8.554255729562033e-5,-0.0001232182982738722,-0.00010099598738858018,-7.995366396208736e-5,-0.0001663372847105632,-0.00014288470403946152,-7.379951017286168e-5,-5.4055097364016924e-5,-6.686619214786582e-5,-8.809255274909444e-5,-5.1315750505584456e-5,-7.444938359355002e-5,-8.325306675788235e-5,-4.832069736350475e-5,-6.481441598478466e-5,-6.16601693011476e-5,-5.9389509327059664e-5,-7.139312292267497e-5,-7.631080741549862e-5,-7.384564155551998e-5,-5.820393656182782e-5,-7.260069596090601e-5,-4.613231001107665e-5,-5.375601802051766e-5,-6.382980911312508e-5,-6.648166032394154e-5,-6.056545368762767e-5
-0.0010122353735989853,-0.0005778735138254054,-0.0009479436029770361,-0.0013021415862334712,-0.0010109802113286437,-0.0006099289251671747,-0.0006899893127839396,-0.0007263243520342078,-0.0024938156609387307,-0.0018417611300493852,-0.0010552472438453697,-0.0010655305432656914,-0.001828078937985561,-0.0014650018818707644,-0.0014653942480317012,0.22830108736137514,-0.03742513482121086,-0.0038259131641292243,-0.003876010656391121,-0.037417298943252936,-0.006651793039034237,-0.006843223258095707,-0.0025737704126277128,-0.004218994012569477,-0.036293506533188136,-0.036427512649432614,-0.004495851948823348,-0.006631257082748213,-0.007018810426746319,-0.0011042333770776153,-0.0012839313439043931,-0.0017327406949890212,-0.0018078619389036432,-0.001170329064797429,-0.0018737712889760477,-0.0017526939303682404,-0.00043848018698723623,-0.00021839982850600792,-0.0005647484658195673,-0.0006232055794040542,-0.00010745190937649918,-0.00032033971794943883,-0.00019985350781837052,-0.00010200584635383647,-0.00015024228397236827,-0.0001365559011149986,-0.00013629897937647573,-0.0001284638170300778,-0.0001640592844513178,-0.00014530436617039844,-7.873954018178253e-5,-0.0001032926258003053,-0.000152524792066705,-0.00011480518154574626,-7.714148523432773e-5,-0.00019733529543003447,-0.00013838055719599118,-8.770517985459692e-5,-6.583029883944214e-5,-7.48241341513578e-5,-8.238825581069475e-5,-6.130787250060998e-5,-8.607409340104233e-5,-8.787881196066494e-5,-5.7389356341558395e-5,-5.97281378912351e-5,-7.973841598996056e-5,-6.244938279534318e-5,-6.890544229101736e-5,-8.431361832736406e-5,-7.151526142534781e-5,-6.845909020572472e-5,-7.025416003494933e-5,-4.525468675706246e-5,-5.9249851180304125e-5,-7.70823364015516e-5,-6.53627173957394e-5,-7.086199476440125e-5
-0.000843660239159813,-0.00045747664108050645,-0.0006183114204452722,-0.0007408223360614585,-0.0008328224685021091,-0.0006796480671957816,-0.0004973015090460747,-0.0006942054197632275,-0.004122629221329832,-0.004633123902467867,-0.0014926187857774165,-0.0011767692580773315,-0.0014116080374936557,-0.0022046269671155277,-0.0013019635356451842,-0.03742513482121086,0.2339577152146463,-0.04478978040453395,-0.0017382041804940018,-0.0026402481591990268,-0.04783902679522378,-0.0015412387894515184,-0.001809388921619165,-0.0055177318013122645,-0.040359559032314,-0.00206724495740801,-0.001648010358400176,-0.00838683264245596,-0.00147320590513772,-0.0007474732750782087,-0.0006418229278250254,-0.002047374762275067,-0.001644524644719314,-0.0012508885407507275,-0.0013238943308042928,-0.0018393414258474627,-0.00036166742293561316,-0.000221952646606155,-0.00037559181097868155,-0.0005143187139261818,-0.0001796622674848647,-0.0003728198580814496,-0.00016407250150841934,-8.02958676226484e-5,-0.00011282127592654456,-7.892313065235856e-5,-0.00014848813797524452,-0.00015663916799596445,-0.00014413683278984013,-0.00017536278470457745,-8.423202004240182e-5,-8.925019855135496e-5,-0.0001158054524234009,-0.0001538747764906756,-9.914823806353446e-5,-0.00016252437074738835,-0.0001891532400330187,-9.133582776799098e-5,-7.10556357032821e-5,-7.253524242459286e-5,-9.894330597812195e-5,-5.59313510976045e-5,-8.609667767264795e-5,-8.841469359027743e-5,-5.706022772503094e-5,-7.188095138230266e-5,-7.57209880601073e-5,-6.817191072103213e-5,-6.877182076639454e-5,-8.386542976729361e-5,-7.983587464903408e-5,-7.287969622959967e-5,-8.60606161893207e-5,-5.479374143066429e-5,-5.251413737122901e-5,-6.560715236753056e-5,-7.536883904354919e-5,-6.161589386614874e-5
-0.0017621423373703066,-0.0016854441009306331,-0.0011284890355740262,-0.0014712225720217575,-0.002127638580921881,-0.001234694910597356,-0.001077300759753333,-0.0017603594079298596,-0.03703059120516844,-0.040046976896992784,-0.005674853156121373,-0.001562789453752933,-0.002614125742648077,-0.008607328106676207,-0.0014519938041849673,-0.0038259131641292243,-0.04478978040453395,0.23547065193847402,-0.0030314743289073798,-0.0016904274126817442,-0.049589113360350386,-0.001692231070281866,-0.0010011831835652352,-0.0013209334878334922,-0.004373816249533757,-0.0013814164319178035,-0.0014053227768489884,-0.0021144703593088676,-0.0014833250863462294,-0.00042663518363793285,-0.00032309316993162085,-0.0006430512819298739,-0.0010916326595917236,-0.00041855722964823094,-0.0006187741763749866,-0.0009565884824686011,-0.00022007150990911717,-0.00013308681957108215,-0.0002005336728026219,-0.00041191712147206627,-2.826794975066549e-5,-0.00013939783557290197,-0.00015238227944758265,-6.5058190931222e-5,-0.00011767102662843532,-6.990919059454703e-5,-9.494703592632936e-5,-9.838252167618244e-5,-0.00012840111188244796,-0.0001230794492757814,-6.925089208623114e-5,-9.902766853700506e-5,-0.0001231662695372615,-0.00011026502166572305,-5.652394121280491e-5,-0.0001778416806100247,-0.0001180464158557909,-6.855861732835145e-5,-5.706201218794171e-5,-6.867733276733068e-5,-7.522762742823152e-5,-5.023689832947542e-5,-7.794133897606748e-5,-7.915412293850455e-5,-4.6752180134002064e-5,-6.052439344836347e-5,-6.723477158088187e-5,-5.215888010959291e-5,-6.579539341247664e-5,-8.030240122258725e-5,-6.455063640123382e-5,-5.333942419138982e-5,-6.46024318239069e-5,-4.075464051769839e-5,-5.403859665042976e-5,-6.742165252945909e-5,-6.156278893522382e-5,-6.383862207468005e-5
-0.0018077504926109766,-0.00130337351809659,-0.002184853809604703,-0.0015054619371780847,-0.0011799047360413484,-0.0017506727346441597,-0.0018309974107398874,-0.001134029421854546,-0.03715652247161673,-0.002610475873030732,-0.0016038595801596556,-0.005723476619722279,-0.0402408907251116,-0.0014504201692464719,-0.008694319046953017,-0.003876010656391121,-0.0017382041804940018,-0.0030314743289073798,0.23533516791316003,-0.04456116496705312,-0.0017362637070839626,-0.049159988551353,-0.0010201042880351452,-0.0013784202989441385,-0.001393314101089782,-0.004347974431662294,-0.0013487927520452747,-0.0014561635573026172,-0.002105872160484301,-0.0003987455223609937,-0.00044953681441131654,-0.0010268057140412623,-0.0006792567018711337,-0.00031085142571546376,-0.0009594369137945896,-0.0006140156509172878,-0.00024155427168827404,-0.00010464546746635772,-0.0003813045535479287,-0.00023733593344854587,-5.8947869478354065e-5,-0.00026792685163704033,-7.490473393322039e-5,-5.6404874876514466e-5,-7.150413168735548e-5,-0.00010188599883248495,-7.069237925416694e-5,-8.013292015546236e-5,-9.734733811156415e-5,-8.824719660800728e-5,-5.9238035250069876e-5,-5.4365661006722243e-5,-8.449034164870195e-5,-9.38233751659745e-5,-7.045437088729067e-5,-0.0001052927841794643,-0.00012437210910416774,-6.171107010427557e-5,-4.378486251849223e-5,-4.591087768926472e-5,-6.65834160333556e-5,-4.1538839988919385e-5,-5.637246966563869e-5,-5.9491605174474826e-5,-3.8508372966039595e-5,-4.8359584621376905e-5,-4.653380264896256e-5,-5.124563736080834e-5,-4.839615028928712e-5,-5.382792658743807e-5,-5.944057698938077e-5,-4.987963828784192e-5,-5.9583945690416806e-5,-3.792269400690329e-5,-3.466266360410697e-5,-4.388751794578982e-5,-5.200308762046135e-5,-4.124670474502101e-5
-0.0007983688470889622,-0.0006133791813580924,-0.0007182970668661304,-0.0006760068901592309,-0.0006042017001322286,-0.0004477198739220867,-0.0006041998416846245,-0.000492564134649931,-0.003984678838717948,-0.001372661182714452,-0.0011111627721223372,-0.0013950159133530038,-0.00441935375159172,-0.0012524441777033296,-0.0021020216141549586,-0.037417298943252936,-0.0026402481591990268,-0.0016904274126817442,-0.04456116496705312,0.23469569000071505,-0.0015035670697279013,-0.04854549278176666,-0.001654013889826833,-0.0016924164833137523,-0.00198956445465745,-0.04028822672296424,-0.005772467908429807,-0.0015247770085942275,-0.008677882099687603,-0.0007475833656434838,-0.0013047342187946787,-0.001520983324222347,-0.0021296096438158663,-0.0005695353024986471,-0.0018977772474381704,-0.0012822262401896989,-0.0003196479602768365,-0.0003640777869723111,-0.0004487384294819263,-0.00042619960678269564,-0.00012481285763968342,-0.0003640922239648986,-0.00024035536579512795,-0.00010889912187786455,-0.0002178927670091202,-0.0001350046338370603,-9.865138193015932e-5,-0.00011768297083930568,-0.0002393621317837713,-0.0001615160740125049,-0.0001085800254185254,-0.00013794303464439994,-0.0002269045819174309,-0.00015416803866338813,-0.00012050006364733301,-0.0002833550322658418,-0.00021525689533125059,-0.0001030497614056547,-7.976587503105703e-5,-0.00010766161377828709,-0.0001391705849836944,-7.858840809116252e-5,-0.00011631326106970041,-0.00013093090540876318,-7.024198947294669e-5,-9.95991527437401e-5,-8.949424753865176e-5,-8.813804575363848e-5,-0.00011489377721948801,-0.00011649255081835896,-0.00011350441726612481,-8.099474485537272e-5,-0.00010714004643327946,-6.739285222762126e-5,-8.379743672856654e-5,-9.879280574628946e-5,-0.00010004378686399862,-9.396972312049334e-5
-0.001220199066426092,-0.0008706453373959061,-0.0008385188979760788,-0.0010889354354427574,-0.0016304700360095653,-0.001034128960406,-0.0007295543360525125,-0.0013485535433405832,-0.007168767682716126,-0.008258757823053658,-0.0028099394313616383,-0.0015445433164607003,-0.0013570697616884647,-0.0036962737174363117,-0.0014427703014965251,-0.006651793039034237,-0.04783902679522378,-0.049589113360350386,-0.0017362637070839626,-0.0015035670697279013,0.1748278895545382,-0.00177998793825776,-0.0011497696794314644,-0.002499803968544656,-0.00756548973939028,-0.001236383013067402,-0.0016758691290076344,-0.003283886381698603,-0.0016749593198911034,-0.0004644229256567517,-0.00047621322299613855,-0.0010151267951194337,-0.0013836531560946774,-0.0007970448251561624,-0.0008708976799584184,-0.0013996084833875558,-0.00022785789342380514,-0.00021114658487079996,-0.00024110584685854697,-0.0004107647997768915,-0.0001343364960665755,-0.0002621277727861693,-0.00021504511032138796,-7.455434229013125e-5,-0.00013087680987527994,-7.198674737350641e-5,-0.0001142034865148217,-0.0001351207799308446,-0.0001596425338322438,-0.0001739256466238709,-8.986788361008136e-5,-0.00010909523372433505,-0.00013709616850537953,-0.00016599973257318268,-9.212915390942322e-5,-0.00019605051916946753,-0.00019088724113386357,-8.514393479901183e-5,-7.16460829762039e-5,-8.383421545346548e-5,-0.00010997315618099801,-5.82352965822347e-5,-9.465117619444907e-5,-9.886785282586102e-5,-5.61060218569609e-5,-8.419863192304922e-5,-7.402094743022558e-5,-7.011624228538127e-5,-8.282367345331665e-5,-9.424297772348683e-5,-8.806499120055794e-5,-6.773325563167593e-5,-9.183868389910088e-5,-5.746664147954217e-5,-6.010161431103944e-5,-7.143444572313418e-5,-8.290317034539973e-5,-6.865788270649098e-5
-0.0011534292036967098,-0.000987636732347072,-0.0014897123883013536,-0.001005343129460358,-0.0008180399728544424,-0.000832044967695636,-0.001244474019339789,-0.0007131492597931277,-0.006991586132499658,-0.0013060776648271405,-0.0014992386341696196,-0.002661421421923729,-0.0079852239307662,-0.001399904321653142,-0.0035265393670292564,-0.006843223258095707,-0.0015412387894515184,-0.001692231070281866,-0.049159988551353,-0.04854549278176666,-0.00177998793825776,0.1753274515254781,-0.0011191833937959361,-0.0017470196931076154,-0.0012303238142301748,-0.007713305494767397,-0.0026151735610679266,-0.0017322742230812815,-0.0035011714476885017,-0.00045744565340655186,-0.0008709164188744761,-0.0013557023088373588,-0.0010665942497514735,-0.0004349773497309972,-0.0014961124306874796,-0.0008550389839902528,-0.0002359313406906094,-0.00028106597637261865,-0.00042698714193334375,-0.00027854647427440204,-0.00011785788481502579,-0.00044310729067319893,-0.00015053126767278213,-9.105842030371347e-5,-0.00016365512376265157,-0.00012703386086111712,-9.056057430220643e-5,-0.00011564543279773964,-0.00021666159974207538,-0.00014868684397326137,-0.00010708425049718584,-9.77245978679292e-5,-0.0001914376434576509,-0.00016655234362163152,-0.0001306970119215739,-0.00021660794756079432,-0.0002307443951660576,-9.610366720314012e-5,-7.43635607637072e-5,-9.201036957444397e-5,-0.00013663425024913745,-7.11859993423325e-5,-0.00010444595007415985,-0.0001165014074875001,-6.417036954937949e-5,-9.868517619088246e-5,-7.583549713988114e-5,-8.946748762632406e-5,-0.00010604398342137222,-0.00010244974537392676,-0.00011502206469232723,-7.741115715132613e-5,-0.00011044535384178988,-6.928778797082868e-5,-6.889206201111941e-5,-8.142467439400947e-5,-9.930853332291989e-5,-7.836244719193475e-5
