x1,x2,x3,x4,x5,x6,x7,x8,x9,x10,x11,x12,x13,x14,x15,x16,x17,x18,x19,x20,x21,x22,x23,x24,x25,x26,x27,x28,x29,x30,x31,x32,x33,x34,x35,x36,x37,x38,x39,x40,x41,x42,x43,x44,x45,x46,x47,x48,x49,x50,x51,x52,x53,x54,x55,x56,x57,x58,x59,x60,x61,x62,x63,x64,x65,x66,x67,x68,x69,x70,x71,x72,x73,x74,x75,x76,x77,x78
0.083263276093877,-0.00982207420999598,-0.011364197281596421,-0.006990172028503144,-0.011842726631619149,-0.010254729476786219,-0.00697811793673425,-0.007368240814775315,-0.0007757405480812176,-0.0029050136066451865,-0.006079524520244357,-0.005859953762292298,-0.0026409998428258024,-0.0023988662985942343,-0.0021699944246683163,-0.0012092062705279588,-0.00037681899221688093,0.000522271439593492,0.0004382955170779618,-0.00039879159323608077,0.0002594937008395125,0.00019273406183202842,-8.798290271530768e-5,0.00027904648970825737,-0.0004909492682463618,-0.0003930971024173989,0.0002932881082996195,8.212722067859115e-5,0.0001333928136810366,0.001501461659440004,0.0008729033138216919,-8.767224906232978e-6,-1.703877787906442e-5,0.0009455848161416914,0.0001115215514585482,0.00013759039112787178,0.0018020965172715782,0.0019283310141227472,0.001943363817441295,0.0016669903956022488,0.0013085035791384366,0.0010834756359203584,0.0007313276074913783,-0.00028799662494696955,-0.0006416479409441187,0.0006678075052181891,0.0001301441139261913,-0.0006593211776397147,-0.00031514751466466575,-0.0005173076794401062,-0.0008209559512363628,-0.000250927741029639,2.0861426043793353e-5,0.0002914771248558336,-0.00020154218386994548,0.0001012882760313601,0.00020926575737700493,-0.00020880952829370862,-0.00038459075996035097,-0.0008221380007978278,-0.0007115865787802704,-0.0003160484474430283,-0.0004693172646458207,-0.0003715849708397526,0.00027800053260743844,0.00014584538268507265,-9.263275945441089e-5,-0.00011569899917553997,0.0001783456241642455,5.652021545423607e-5,5.370577751538159e-5,-0.00037338556375582084,-0.0007147402212748749,-0.0003877784743414767,-0.00043548352010257344,-0.0008804626938717509,-0.0005558993298210201,-0.0006623300386071643
-0.00982207420999598,0.09612191036014042,-0.013663104351635041,-0.0061612552139216625,-0.0020103275992111795,-0.0016520808801727556,-0.009087168619920467,3.5085845065839165e-5,-2.409066879077103e-5,-0.008917698321584516,-0.01901421836556215,-0.00012368581965281543,-0.002639008937341759,-0.009885342896217559,-0.0010306077727055883,4.106236958691973e-5,0.0009228375196812824,0.0008640662418934311,-0.0037546097590576556,-0.001342376569387802,0.0009320422367693975,-0.001854813219579451,-6.24374941518334e-5,-7.067771673717741e-5,-4.197878308403264e-5,0.00027407286357906453,-0.0009045614360110247,-5.605449521027943e-5,-0.00025431533959765834,-3.901830922771051e-6,-0.0008502774662566831,-0.0006750249816617104,-0.001630073693881052,-0.0005518420722418352,-0.0007963279048831418,-0.0008772204279586857,7.5426399522187815e-6,-0.0001253272370049745,7.045647789937657e-5,-8.376597807065675e-5,-0.00015169306665528863,-4.179762828397826e-5,-0.00018433113143278654,-2.2664238116451024e-5,0.00010059007160477912,0.00016204008363352983,7.019216177045255e-5,4.260947696309703e-5,0.00016638094469243524,6.624361309980662e-5,5.711983686870864e-5,-0.00023873045041984382,-0.0003237269995238044,-0.0001398517875617138,-0.0001607239663060475,-0.00026464475009288887,-0.00015549547538130728,4.511486673924474e-5,5.023991772503781e-5,2.7911006947016832e-5,1.4332843453547992e-5,5.31435965384344e-5,4.068879369457222e-5,3.528329176227515e-5,-2.0566116598729487e-6,-6.277061482792595e-5,-1.796414061795572e-5,-1.4744609234267555e-5,-8.499190214122854e-5,-4.347695202660432e-5,-5.380869767828856e-5,1.9264954086839454e-5,-1.1378144192266654e-5,-5.2460394321728186e-5,-8.518436028177278e-5,-5.187383482308418e-5,-2.9844400418545666e-5,-5.976779573928887e-5
-0.011364197281596421,-0.013663104351635041,0.08496535666482959,-0.0017435781347627443,-0.0003350675608483241,-0.0015559690210923864,-0.004940356685535588,0.000414904888501156,-0.001670190908679358,-0.0024184511521427397,-0.016227276180716343,8.71529510231567e-5,-0.005042095155729827,-0.0051404987083659434,-0.0014713735661579662,0.0009857172849109584,0.0011782434562611615,0.0016945000468558658,-0.0058282871803252475,-0.0001358948766859674,0.0009153494424094459,-0.001697052880323169,5.529937271870392e-5,9.570091550878187e-5,0.0006294853356843447,-0.00011813843304634775,-0.001787449687903158,0.00022521201354959853,-0.0010381421153867966,-0.002753573161721071,-0.0027980555488552167,-0.0008673335440053336,-0.0009197074220539651,-0.0016274731249665835,-0.0012819644450882265,-0.0004972853117195406,-0.003168477456804688,-0.003557723699409108,-0.003289833348256209,-0.003179977775944295,-0.0025154421926641695,-0.00193086982032921,-0.00157229915467398,0.00046864490508516127,0.0012443565247689098,-0.000925253267899601,-0.00018348973458341315,0.0011899252095733364,0.0007883350030121999,0.0009552012963322647,0.0015340195001359942,8.615674098065187e-5,-0.0005319972961285902,-0.0006229205347984233,0.00022407257359476066,-0.0005659265157059596,-0.0005085121562010285,0.00043944549573571724,0.0007746488142225706,0.0015101648399565822,0.001288326108443721,0.0006375624480559797,0.0009092497025519292,0.0007073853954039156,-0.0005013712755953013,-0.00036915088239315594,0.00011066742120201928,0.00021152632495258542,-0.0004293848434072209,-0.00018370245020381414,-0.0001571812118908396,0.0006877713131967169,0.0012901924005680485,0.0006458124962701201,0.0006372123814179096,0.0014706251189234643,0.0009773298295646887,0.0010804758400304703
-0.006990172028503144,-0.0061612552139216625,-0.0017435781347627443,0.04470578864923328,-0.001530881970642694,-0.005701076989003385,-0.002239501943230156,-0.0019583075103929664,-0.0018340628571271065,2.891523096253417e-5,-0.0020262943874468807,-0.0019762195630407893,-0.00011275793317105608,0.0003046094446185555,0.0002071075368952052,0.000993162985462519,0.00037470602376605893,-0.0015729181327806892,-0.0014562455334239778,0.00033981098279389435,-0.00043118306778651877,-0.00036689114784874794,0.00015697733751868277,-0.00022853003304951425,0.0004505769650831184,0.00023708476004865775,-0.00024436227509650496,-5.453951205520753e-5,-0.00015269462002857597,-0.0035041942864695295,-0.002013202516176421,0.000133390474016979,0.0001266384283043949,-0.0021896991170364103,-0.00021946447569663085,-0.0002941415650075624,-0.004093120823023978,-0.004383356144733116,-0.004409767152657324,-0.003773478669618904,-0.002969297233077691,-0.0024592260342791864,-0.0016541695339615306,0.0006543364923381367,0.0014563182841912195,-0.0015211250485519029,-0.00029323708442973427,0.001501526366435325,0.0007128008074368784,0.0011766742239183148,0.0018638357872251892,0.0005796887179634166,-3.667779980114115e-5,-0.0006495993934122229,0.0004700618441526799,-0.0002206400605672044,-0.00046419524033041956,0.00047407569933675,0.0008726707635458528,0.0018685401380507444,0.001614429537296516,0.0007154268221414359,0.0010655566568231283,0.000841280381535738,-0.0006322956335704707,-0.00032891189571555287,0.00021078077314084346,0.00026657064122565405,-0.000401003990939578,-0.0001269727174307218,-0.00011841544442353444,0.0008483807543652268,0.0016276332413524954,0.0008860458560514321,0.0009934053466837723,0.0020037776458976093,0.001266859785685861,0.001508219328725065
-0.011842726631619149,-0.0020103275992111795,-0.0003350675608483241,-0.001530881970642694,0.08429428515564395,-0.013393129925328654,0.00027223638893537867,-0.004725959531578193,-0.0011610941223705485,-0.004010666401819537,0.00024153306104412558,-0.016185359678625867,-0.0023044665004896023,-0.0008752835552302737,-0.005064731430246769,0.0014734290539316845,-0.0003254049330179495,-0.006035124001141666,0.0016597892123941956,0.0011562308340661192,-0.002085928652877534,0.0007902948591131684,0.0001533843510232204,-0.0015334756027105617,0.000529007457909751,0.0007290838016484623,0.00019500460878065342,-0.0006827971608784437,0.00024122744713855058,-0.004432201565575557,-0.002457663478198361,-0.0008106165006009364,-0.00047927403264222396,-0.0037972251850070917,-0.0005257615505520865,-0.0012332086550115554,-0.005309827419652503,-0.005663321201841614,-0.005833242682277191,-0.004595860710775001,-0.0037567135741431246,-0.003325130941024043,-0.0019425902747429208,0.00087339920461268,0.0018088252648310588,-0.002104066102056431,-0.00032679463584129264,0.002003663867268198,0.0007891817532972192,0.0015985889258311272,0.0023709039965938913,0.0009578150263433557,0.0002116707346374209,-0.0010147276175413572,0.0004107820061745311,-8.889162452616348e-5,-0.0007520592138548037,0.0005669388413127419,0.0010491812911293526,0.002380614977640892,0.002063594727493069,0.0009052360370393114,0.0013147251434908,0.0010861987932377323,-0.0007991410181181324,-0.00034422577396557607,0.000342055027481634,0.000266744678490885,-0.0005042362321544423,-9.225291288372628e-5,-0.0001727037404229252,0.001084927646044135,0.001998337550083623,0.001080668375874463,0.001355941709374095,0.0026517624560798863,0.001558516374280622,0.001998381261774248
-0.010254729476786219,-0.0016520808801727556,-0.0015559690210923864,-0.005701076989003385,-0.013393129925328654,0.09605988222810391,0.00023170047618104782,-0.009005595053671739,0.0001789674862498258,-0.002097253483362997,-0.00026544108085287794,-0.019172631858999034,-0.009134202105920962,-0.0007800745591902083,-0.009960751554557386,0.00018036639758634975,-0.0016092406795718912,-0.003741617335558881,0.0007789459838425183,0.000983273801529846,-0.0020734846990845246,0.0008931014589562018,-4.831021354076679e-5,-0.000755025560122674,0.0004982792616004491,3.395045526299865e-5,-5.307606275896331e-5,-7.071513767651403e-5,-4.901608311974008e-5,-0.0008420273468045823,-0.0011193032540212156,-0.0017398375863017716,-0.00039108846685276434,-0.0012093892968402331,-0.0010324424711667635,-0.0006648127257530248,-0.0010690458376370663,-0.001187122279233306,-0.0011929191845238864,-0.0008259824268314941,-0.0007577426013859158,-0.0007898483665248732,-0.00033643483839042944,0.00018101356005843482,0.0003353384750218097,-0.0004164234545181001,-4.3931887218136554e-5,0.000451739811189518,0.00014349701491139723,0.00037431838024681863,0.0004706935681134231,0.00021630238614671237,4.5236975578800136e-5,-0.00035241602602151733,-0.00010902580241749532,-1.3099504053695939e-5,-0.00030514339191753853,0.00010211233194196973,0.00018612496922817883,0.0004750046483876845,0.0004026215679720151,0.00019700519747396528,0.0002483089952506078,0.00023510071393769566,-0.00015018102550507883,-5.149087223187921e-5,9.390108021351134e-5,3.2777228324120777e-7,-0.00013160127838579824,1.2327959420750757e-6,-7.066126347693206e-5,0.00021683700818631772,0.0003340298827846392,0.00015732062512455544,0.00027292905742889404,0.000540817073589916,0.0002543450787848149,0.00040076642927605404
-0.00697811793673425,-0.009087168619920467,-0.004940356685535588,-0.002239501943230156,0.00027223638893537867,0.00023170047618104782,0.06429445190335586,0.0008671692121418634,-0.0006465075702332053,-0.0034000877831427793,-0.013535659190111647,-0.0003108818534926631,-0.004368501535763159,-0.005278154892423565,-0.0018304829224434732,0.00046490793334785064,0.0008829077788400387,0.0015302604719619165,-0.0040416400181417945,-0.00023003331769378026,0.0008561500454331325,-0.0012116674894771893,-2.66900053264432e-6,-3.7630365947297514e-5,0.0002651075879784698,-8.619280299959308e-5,-0.0013683665726601608,6.7922599429986e-5,-0.0007413630778303591,-0.0009985523287864132,-0.0015961506490144916,-0.0008823190459843236,-0.001067653279504497,-0.0007708919473820718,-0.001030563747584783,-0.000528081422900697,-0.0011408265309114114,-0.0013657558554476075,-0.001140956637563633,-0.001222051611622307,-0.001003581762783514,-0.0007300196706375267,-0.0006839163966310143,0.0001532994468526231,0.0004991110409834268,-0.000225443867587002,-2.8304743117107155e-5,0.00045318800470272057,0.00038572353886441525,0.00038219414366139786,0.0005939133803168936,-0.00012168792770416004,-0.00040783358553637565,-0.0003164051675284794,-2.305061948878685e-5,-0.0003755509332332648,-0.0002851155486675086,0.00018981121671147135,0.000317081579041823,0.0005698832272937511,0.0004793680489941283,0.0002693024779177443,0.0003597359482420394,0.0002826159582567843,-0.0001835178614351811,-0.00017830809389050912,2.572564257170649e-5,6.655715025150317e-5,-0.0002137140821993995,-9.782270330708867e-5,-9.363453038789843e-5,0.000262095689220878,0.00046236246629328395,0.0002007593489746611,0.0001736936812726895,0.0004986237667915536,0.00033655656203467694,0.00035227741229528566
-0.007368240814775315,3.5085845065839165e-5,0.000414904888501156,-0.0019583075103929664,-0.004725959531578193,-0.009005595053671739,0.0008671692121418634,0.06373026633312537,-0.0002879689241405096,-0.0035799724699911517,-0.00017917636668621123,-0.013630214239085362,-0.0034267060105172384,-0.0013870523856363683,-0.005288448494133264,0.0007925370617713484,-0.00041971103424208136,-0.004145285950661325,0.0014684063233062984,0.0009076032850186552,-0.0014931288233987056,0.000773060115047548,6.15846018774001e-5,-0.0011751626229157854,0.00033232501128543316,0.00036121423633817554,1.4866390504400996e-5,-0.0004917786233442218,7.978551721956523e-5,-0.0021815699983493784,-0.0014418274273974283,-0.001056132054699589,-0.0005616335759387335,-0.0022211540562831547,-0.0006151944139881833,-0.0009397104392233776,-0.0026515062355309768,-0.0028510869006398397,-0.0029329939774328357,-0.0022243034031877267,-0.0018757147383953092,-0.001721821575269073,-0.0009380810206491676,0.0004390525237782355,0.0008890466244048438,-0.0010556432238933873,-0.00013621859151304936,0.0010272386899746733,0.00038162462207165065,0.0008337709048525548,0.001182859114358905,0.0004977859815626322,0.00011851828129215383,-0.0005966617735765052,0.00010076029164583592,-3.528912526538442e-5,-0.00046223307367093664,0.0002781752293425855,0.0005097677947756586,0.001185099760778333,0.0010261565483647692,0.000459500949644334,0.0006458573492770285,0.000551463427812364,-0.00039320015835040854,-0.0001603461847892292,0.00018872123693902982,0.0001028565292402932,-0.00026775422274617566,-3.29942738804734e-5,-0.0001061363084032268,0.0005418003309591122,0.0009595165316885231,0.0005057110115262266,0.0006808257560284455,0.0013321398704754914,0.0007447815767845651,0.0010000758494628516
-0.0007757405480812176,-2.409066879077103e-5,-0.001670190908679358,-0.0018340628571271065,-0.0011610941223705485,0.0001789674862498258,-0.0006465075702332053,-0.0002879689241405096,0.08900720794636605,-0.009344911819692771,-0.004296630091784088,-0.00486008729930074,-0.009666565113192749,-0.004271265142568652,-0.004645605241017344,0.00010558324897546861,-0.00407741595242402,-0.009972332340107576,-0.009764580162340592,-0.003929735738759151,-0.004479002910662447,-0.004317087398255029,-0.0013757836173890247,-0.0005242348436639292,0.0008131713225918418,0.0007472379243089618,-0.0005902354530677842,0.000199515752889375,0.00012550836723171518,-0.0031423400142303716,-0.0011534493885513048,5.2509711811076114e-5,-2.5856579289702065e-5,-0.001355593745832508,0.00027961830938369366,0.0001760425771951315,-0.0037781974623932375,-0.0038521139220447477,-0.004075332048240842,-0.0036516127238590502,-0.0026970765792048543,-0.0021792007926712408,-0.0015888624519575572,0.0006028571627323337,0.001306974558931154,-0.0014455132788703388,-0.0003851446589665027,0.0013327325081103594,0.0006086267086666837,0.0009973008009084635,0.001636452293608195,0.00046743142695851854,-3.705554323663284e-5,-0.0004928086837508877,0.0004972153820841281,-0.00021144827386039415,-0.00034111191249834865,0.0003638316068565535,0.0007797432548639584,0.0016705764171483747,0.00146319068666199,0.0006134801851602582,0.0009704548116337245,0.0007540629499134874,-0.0005713948432239608,-0.0002996493967285128,0.0001421967938669849,0.0002430600183088071,-0.00032744511516100535,-0.0001279383870673724,-8.061925282541134e-5,0.0007429116331540472,0.0014841768351379306,0.0008248287620761706,0.0008771068380845396,0.0017645481642853808,0.0011663594925079783,0.0013394118394502788
-0.0029050136066451865,-0.008917698321584516,-0.0024184511521427397,2.891523096253417e-5,-0.004010666401819537,-0.002097253483362997,-0.0034000877831427793,-0.0035799724699911517,-0.009344911819692771,0.09566451493276597,-0.011750103926352133,0.0008860821050539598,-0.0006325816067095567,-0.007313069124907358,0.0009305162106389983,0.001153200479083162,-0.007758656895568836,-0.01692651065292094,-0.001487076440442636,0.0006887581397806245,-0.008853469417793237,2.0288402082832876e-5,-0.0004433040169460104,0.00056224702428763,0.0013236857569453417,-0.0003187809405900415,-0.0007825257213904857,0.0009468180514541068,-0.0006316655824821147,-0.003300662441273715,-0.001736373200229825,-0.000322248670581451,0.0011083838984651342,-0.001494441740108945,-0.0002740320729896013,0.0004329674850231161,-0.0038995757656457445,-0.004056202524286433,-0.004175867167000403,-0.003706226541519471,-0.0027841939214473775,-0.002302725938522593,-0.0015496434840325684,0.0006299465402552499,0.0013365800188553894,-0.0014584282162067657,-0.00044731655049293695,0.001375282586038464,0.000632050385919506,0.00101462437477473,0.0017179994876504387,0.00056740836613345,1.1897646809200455e-5,-0.0005026368949159423,0.0005210533061742011,-0.00016187107162668273,-0.00035143727811256067,0.0003992215607744614,0.0008044927112471327,0.0017551917891448876,0.0015199559525405995,0.0006534607813965949,0.0010040538988854253,0.0007865873613823361,-0.0005970727000981717,-0.00030434315572090166,0.00016170094415569983,0.00026184138936683664,-0.0003417276053933734,-0.0001251892921662905,-8.415798139942684e-5,0.0007819367099308718,0.0015525507551862143,0.0008670930970238356,0.0009376567164278127,0.0018699890141876201,0.0012201748586180255,0.0014190456088338894
-0.006079524520244357,-0.01901421836556215,-0.016227276180716343,-0.0020262943874468807,0.00024153306104412558,-0.00026544108085287794,-0.013535659190111647,-0.00017917636668621123,-0.004296630091784088,-0.011750103926352133,0.09597929443646822,-0.00041233089406200583,0.0011917977463484868,-0.006457351077205321,0.0004975079122077303,0.00021243134577809657,-0.0020112084902436387,-0.010373677129222079,0.0009180127991586452,-0.001124023696346022,-0.003459008252747124,-0.00046328966515650163,0.00026991364468592486,8.808673978051524e-5,0.0006944765039073059,-0.00010128413042463412,0.0009187087733053945,0.00024025109867723598,0.0005138512242940064,-0.0010617358064923062,-0.0004901006292954576,-0.00014709874379629712,3.302807099340059e-5,-0.0013733565942965998,-0.00010293298266214283,-0.0006103190704014579,-0.0012466036337753382,-0.0013161142071028101,-0.0013971181721057022,-0.0009334108022545679,-0.0008240753529190803,-0.0007979715390654563,-0.0003322553480617769,0.00022176419119880635,0.00040608598143624357,-0.0005610701829283795,-0.00010817922822686014,0.00047474463940604437,0.00012704787806449574,0.0003670097734802545,0.0005320602452940635,0.00035489748341092936,0.00021706438403652127,-0.00021115822576199317,0.00011531599578225874,0.00010944240043083827,-0.00014867252573339595,0.00011277665997565707,0.00020397207674091838,0.000540177463247046,0.0004626471992890928,0.00018780580566473697,0.0002745475580038168,0.0002344251738873174,-0.00018331113537318946,-3.705847632006149e-5,0.0001036827639734533,5.997736760240998e-5,-8.248519032097638e-5,1.1981388195203743e-5,-2.202139043309847e-5,0.0002475667111913138,0.0004520745327953831,0.00026096691349630394,0.0003662816631443925,0.0006578089535488972,0.00035993580503165487,0.0005025923175138212
-0.005859953762292298,-0.00012368581965281543,8.71529510231567e-5,-0.0019762195630407893,-0.016185359678625867,-0.019172631858999034,-0.0003108818534926631,-0.013630214239085362,-0.00486008729930074,0.0008860821050539598,-0.00041233089406200583,0.09622075508190833,-0.012204471004151892,0.00037769172371981047,-0.006646583620169056,-0.00021298894025933285,-0.0011405917684053166,0.0010268552115342167,-0.010217896553549431,-0.0017851312212084926,-0.00029976724602357287,-0.0031611186356196915,0.0002127648791200325,0.0008546641368997902,-0.00030140169864508506,0.00045251663167516994,5.9778122704169405e-5,0.00046253825647081065,0.0001469588585003946,4.292837428732082e-6,-0.0008410057856011276,-0.0002738032614834207,-0.0001813591514569347,0.00011171233362847819,-0.0007129866646634831,-5.271196865591028e-5,0.00011567431688409967,1.281159847470014e-5,0.00020740235059635555,7.539015024735308e-6,-1.863043474670176e-6,7.141756122312967e-5,-6.564147876666981e-5,-3.466123560992532e-5,4.6192393204521854e-5,0.00015794140922112848,2.5155545051854503e-5,-2.3347957872148084e-5,0.00010889520824541345,-1.605128410657715e-5,-1.147824601971735e-5,-0.00015728345039293617,-0.00020396071519249197,2.4246900716226015e-5,-2.4819470500989542e-5,-0.00015396595847759953,-5.753997222952576e-6,2.603986629407517e-5,1.6708870676022985e-5,-2.277525535827882e-5,-4.340306598357579e-5,7.761440648495624e-6,3.3731947540382473e-6,-1.4102281376531861e-5,9.503847312165296e-6,-3.2721164520342534e-5,-2.41399439080656e-5,1.4507943924801075e-5,-2.7474803809843727e-5,-2.838703443546069e-5,-1.2016635077127756e-5,-7.491493171571848e-6,-1.6083817701958277e-5,-2.3882636812016628e-5,-7.281303328570497e-5,-7.949948644384729e-5,-2.246271851059499e-5,-6.967189544294134e-5
-0.0026409998428258024,-0.002639008937341759,-0.005042095155729827,-0.00011275793317105608,-0.0023044665004896023,-0.009134202105920962,-0.004368501535763159,-0.0034267060105172384,-0.009666565113192749,-0.0006325816067095567,0.0011917977463484868,-0.012204471004151892,0.09620628175994003,0.001059564856299511,-0.007592083774452278,0.0010746380333282266,0.0007539738282506685,-0.001647791875792088,-0.016617805170893663,-0.007377061162096974,4.595923949083122e-5,-0.008506085516010571,-0.00037670845769862494,-0.0006849229619902095,-0.00021121285986183355,0.0012592258104588893,0.0006150831136703235,-0.0005397075850901182,0.000911072218705446,-0.0029779786055427354,-0.001146161813165647,0.0011271462353895697,-0.0003254565090690791,-0.001742730003609464,0.0005072164916337827,-0.00033972969296658314,-0.003490116548174174,-0.003652294808138905,-0.003775548647045419,-0.003241318253510668,-0.0024903122288656462,-0.0020056493867642543,-0.0014350040608453415,0.0005532040249390782,0.0012602603744617208,-0.001360085093335745,-0.0002480274909010497,0.0012603836088325487,0.0005885629213359435,0.0009813860193914727,0.0015492223980454539,0.0004741227583463098,-8.970617265705289e-7,-0.000467726744214724,0.0004840086307072049,-0.00017699276137634815,-0.0003111928836540502,0.0003737615274482312,0.0007276277998076318,0.0015572787056459647,0.0013493122887504806,0.0005676829827648284,0.00089316786523195,0.0006855614240613296,-0.0005342265591267678,-0.00026661361394877915,0.00016558426531497686,0.00024076773179697528,-0.00030499833413387607,-0.0001039544585429678,-7.318790972082462e-5,0.0007048706918141796,0.0013862186032137069,0.0007702629980660799,0.000840429769247808,0.0016763535057508774,0.0010855529925872871,0.001268395357001694
-0.0023988662985942343,-0.009885342896217559,-0.0051404987083659434,0.0003046094446185555,-0.0008752835552302737,-0.0007800745591902083,-0.005278154892423565,-0.0013870523856363683,-0.004271265142568652,-0.007313069124907358,-0.006457351077205321,0.00037769172371981047,0.001059564856299511,0.05970711790587209,0.0006389818406110869,0.0006975127130152261,-0.0024995715939873883,-0.009740932029503489,0.00044178924342707824,-0.0002507569087692033,-0.003785745715320194,-0.00013048956245048518,0.00016030573680563418,0.00021040476829206313,0.0009856293312715384,-0.00018918257786574975,0.00042470598704784916,0.00042778976141106265,0.00011971693935348961,-0.0018263548337699267,-0.000965299057098642,-0.00017497518019021356,0.0005646769116208637,-0.0013372286474870388,-0.00017441454646231438,-0.00016334263601234798,-0.0021451980936568866,-0.0022563793929627368,-0.0023334141471994265,-0.001875023906084853,-0.0014894439203597257,-0.0013048599032693053,-0.0007454243088294635,0.00035778438902534903,0.0007227904335529221,-0.00086002616319094,-0.00021434842411746912,0.0007796397640396094,0.0003032485644462782,0.0005888824044237822,0.0009421058155314457,0.0004264483886198799,0.0001397619187627961,-0.00030489820137455,0.00026502777528832636,1.3411481930717329e-5,-0.00021063643101410849,0.00021777658138949618,0.0004141697113260821,0.00095880672057038,0.0008246623579624248,0.00034913632795212243,0.0005265340410159897,0.0004226088433056885,-0.000325797235366853,-0.00013188295061073701,0.0001236090652562453,0.00013371868755383804,-0.00017292993141757753,-3.733092196755467e-5,-4.301246782124141e-5,0.00043230175181996957,0.0008337515243835864,0.0004713525588836419,0.0005607598416424751,0.0010732442846176375,0.0006577133987669423,0.0008161145330664836
-0.0021699944246683163,-0.0010306077727055883,-0.0014713735661579662,0.0002071075368952052,-0.005064731430246769,-0.009960751554557386,-0.0018304829224434732,-0.005288448494133264,-0.004645605241017344,0.0009305162106389983,0.0004975079122077303,-0.006646583620169056,-0.007592083774452278,0.0006389818406110869,0.06015020405115419,0.0004605479240086821,-0.00021228450460280038,0.00044823070008618855,-0.009564654305077963,-0.002312794852076177,-3.412327008859372e-5,-0.003545646901327699,0.00015153696965679127,0.0004062830287351027,-0.0002370472087575826,0.0008156709670934821,0.0002218829725459249,0.00011927859550197433,0.00036456800194504955,-0.0011471860661964285,-0.0009180002584986242,0.00041634498649551296,-0.000192320031147459,-0.0006537956094111732,-0.00017791480008157488,-0.00017430850779713778,-0.001275707137697896,-0.0014096762765661922,-0.0013312693076839366,-0.0012294706718227126,-0.0009595729835226521,-0.0007298521331402417,-0.0005799195396677894,0.0001943973550613772,0.0005160864415367027,-0.0004308682368516016,-7.853764568510549e-5,0.00047097407549495857,0.00029139461614805483,0.00036875587399611454,0.0005961041502064361,0.00010840458102871001,-0.00010242702624724701,-0.00015822722912402698,0.00018769805396360803,-0.0001440222318663879,-0.00011288533372686151,0.00016537735510069592,0.0002912527697933046,0.0005904239466406586,0.0004976507329921634,0.0002247910063223269,0.00034586057865799503,0.00025548594472289194,-0.00020208367188459444,-0.00012013665869122938,5.4082397222087425e-5,0.00010646383502013794,-0.00013100012213000138,-5.466182879034647e-5,-3.257641449303068e-5,0.00027030715831790735,0.0005321498036515045,0.0002893631522174156,0.0002899401415862998,0.0006101321515978776,0.0004113525238250828,0.00045652322252637034
-0.0012092062705279588,4.106236958691973e-5,0.0009857172849109584,0.000993162985462519,0.0014734290539316845,0.00018036639758634975,0.00046490793334785064,0.0007925370617713484,0.00010558324897546861,0.001153200479083162,0.00021243134577809657,-0.00021298894025933285,0.0010746380333282266,0.0006975127130152261,0.0004605479240086821,0.0881736230411668,-0.008037168985350616,-0.004265050650415084,-0.004164135294142966,-0.008415953619643389,-0.00399542526834693,-0.004103780897772889,-0.0010124597405441551,-0.004651779325681403,-0.007536044384925623,-0.008202545023363443,-0.0049590262019795755,-0.003747672490391161,-0.004174397116974204,-0.00906348631322236,-0.005005834569466149,0.0002753891497503259,0.0002034418698550983,-0.0054420822204420275,-0.00044108005462107833,-0.0006118572959320131,-0.010234874831143687,-0.01086101934199714,-0.010938357776222353,-0.009442301264355328,-0.0073629923878396255,-0.006058445079454832,-0.0040906489352658245,0.001576992873386701,0.003631802127071048,-0.0037326648416030274,-0.000744803902165804,0.0037663558175156818,0.0018171162830373487,0.0029450621001267355,0.0046127499982906665,0.0013855474074718677,-0.0001892020844998262,-0.0016043608736652287,0.001159813614036228,-0.0006014958838045088,-0.001150875368464036,0.0011364421716018873,0.0021458522146633537,0.0046373403793855,0.003985668472287982,0.0017496314499229253,0.0026438427597378225,0.0020733346303598043,-0.0015681443255153153,-0.0008156095152196163,0.0004927422547584455,0.0006581720297705365,-0.0009869856539564295,-0.0003213673522294686,-0.00028659450724975244,0.00209113134227694,0.004026018511197363,0.0021942716087002398,0.0024375287811435266,0.004934919813751665,0.0031364474902851863,0.00371638356631605
-0.00037681899221688093,0.0009228375196812824,0.0011782434562611615,0.00037470602376605893,-0.0003254049330179495,-0.0016092406795718912,0.0008829077788400387,-0.00041971103424208136,-0.00407741595242402,-0.007758656895568836,-0.0020112084902436387,-0.0011405917684053166,0.0007539738282506685,-0.0024995715939873883,-0.00021228450460280038,-0.008037168985350616,0.09333546464758023,-0.010155482924037007,-0.0003245013449697592,-0.0018154019197043128,-0.00611059891100427,-7.758178494590104e-5,0.00033813480421587003,-0.009135382359766223,-0.015440266145687115,2.6649218754405136e-5,-0.00020118292706311074,-0.008817743880356851,0.0003703398868811215,-0.0035388909918625893,-0.0008991502607281344,0.0007431512106804802,-0.0037316490159128614,-0.005124961673309101,0.0009195403810221102,-0.0033137766768119494,-0.0040292089038154785,-0.004318767683891662,-0.004480477557737022,-0.003199940372061944,-0.0029260740541032304,-0.002482427310267942,-0.00147759266017838,0.0006296957854087168,0.0014618426320284616,-0.0015670727900388406,-8.268646201810837e-5,0.001543749026238335,0.000669139444890708,0.001314509175164772,0.00185198331072017,0.0006963055116908779,0.000128458447719761,-0.0009226007386234771,0.00026356781729418104,-0.00011716171966844461,-0.0006548892647513708,0.00045534972533378047,0.0007951823218626033,0.001804324527085958,0.001592132753358713,0.0006942605476555985,0.000989852983650875,0.0008313452201937107,-0.0006088040787640339,-0.0002678568938211713,0.000280980533361353,0.00019393038729261118,-0.0004047670180576646,-6.799256318127685e-5,-0.0001476279616703209,0.0008374516328269148,0.0015040346678167182,0.0007943683614998518,0.0010264104884138041,0.0020248853254741534,0.0011637769626680237,0.0015171063328569341
0.000522271439593492,0.0008640662418934311,0.0016945000468558658,-0.0015729181327806892,-0.006035124001141666,-0.003741617335558881,0.0015302604719619165,-0.004145285950661325,-0.009972332340107576,-0.01692651065292094,-0.010373677129222079,0.0010268552115342167,-0.001647791875792088,-0.009740932029503489,0.00044823070008618855,-0.004265050650415084,-0.010155482924037007,0.09486556365475915,-0.002777948599782481,-0.00025029426289823267,-0.0061802795876176545,5.8984787720828104e-5,-0.0006332009678853518,-0.001220987760110457,-0.007430934585289568,-8.888922648296896e-5,-0.0026008944247166398,-0.0021836733107842166,-0.0011156784097465903,0.0013693412236839967,0.0012016976626111958,0.001008062881218834,-0.0024272797281136064,0.0006010274008644348,0.0006935672377134514,-0.0005117963218767377,0.0015997357787282298,0.0017068662517028144,0.0017527003321567507,0.001267230132801889,0.0010067115168252302,0.0010196987121975083,0.00039585732563981676,-0.00027089560948901395,-0.0004912019897287287,0.0007083659779687104,0.00013947684737274034,-0.0006199934274528872,-0.00015967703054579763,-0.0004660071509318264,-0.0006814735746771734,-0.0004520342934317839,-0.00024000092582473497,0.00020202268877014546,-0.00019586478281542985,-0.00013170400613126803,0.00014163300219889886,-0.00015532083118920606,-0.000278097509029207,-0.0007107542891544067,-0.0005776215259202904,-0.00023822837540112,-0.0003664010961333276,-0.00029008476822166106,0.00023888382822709716,5.644028360457284e-5,-0.00012261830654361234,-9.647527726666915e-5,0.00010519315129387593,-6.0263134971790445e-6,2.1085073738510502e-5,-0.0003191139984144141,-0.0006012411572273394,-0.0003535763000614969,-0.00046279172995014416,-0.0008392028718872843,-0.0004794790551466463,-0.0006418634602058593
0.0004382955170779618,-0.0037546097590576556,-0.0058282871803252475,-0.0014562455334239778,0.0016597892123941956,0.0007789459838425183,-0.0040416400181417945,0.0014684063233062984,-0.009764580162340592,-0.001487076440442636,0.0009180127991586452,-0.010217896553549431,-0.016617805170893663,0.00044178924342707824,-0.009564654305077963,-0.004164135294142966,-0.0003245013449697592,-0.002777948599782481,0.09472539008628604,-0.010023160183317548,-6.142719478791649e-6,-0.00616434443089038,-0.000565876304570078,-0.002442074937363137,-2.4113663009598782e-5,-0.007291731457723895,-0.0012644920632971794,-0.0010360195508434884,-0.0021517585266951694,0.0007540137674663524,0.0002128137320342161,-0.002280571859811113,0.0009725045041975799,0.000866431705841322,-0.0005213748623564457,0.0006424405781218276,0.0007840670059508428,0.0008845005686058025,0.0007659684947062583,0.0007766017718368732,0.0006400627339259039,0.00035282176077704804,0.000407018312417941,-0.00011893807498976648,-0.00044596111240870965,0.0002006530030186456,8.611744999927546e-5,-0.00027426977306500307,-0.00028571208919874895,-0.00019770510358915557,-0.00037754874190471145,-3.5185190812194674e-5,8.200543771471838e-5,-1.9595568398389263e-5,-0.00024561594344345506,0.0001174974879536371,-3.6593901290137114e-5,-0.00011646587401984294,-0.0001815787542800106,-0.00035625190818863907,-0.00030030039647559393,-0.00012669657534223092,-0.00020988077949935755,-0.00013654923137549932,0.00013155180256576335,7.697770034586175e-5,-2.337920918045386e-5,-0.00011325322299790529,5.422766394484057e-5,3.99529780253942e-5,-9.72754740634438e-6,-0.00016962444481400402,-0.0003742051934286612,-0.00022072134936266025,-0.0001829958467323627,-0.0003737018312278505,-0.00029228588862392383,-0.0002830731513820772
-0.00039879159323608077,-0.001342376569387802,-0.0001358948766859674,0.00033981098279389435,0.0011562308340661192,0.000983273801529846,-0.00023003331769378026,0.0009076032850186552,-0.003929735738759151,0.0006887581397806245,-0.001124023696346022,-0.0017851312212084926,-0.007377061162096974,-0.0002507569087692033,-0.002312794852076177,-0.008415953619643389,-0.0018154019197043128,-0.00025029426289823267,-0.010023160183317548,0.0940723525796845,-3.246581012408545e-5,-0.006187370441022096,0.00026478636573137,-0.00023403352006493033,0.00010050369299490931,-0.01620671655750261,-0.009661570070227964,0.000407649407856938,-0.0093637443414984,-0.0025676415448357658,-0.004568119195489397,-0.004028705637899178,0.0005283480898257256,-0.0004611144617750979,-0.0034023525601937616,0.0008598796222242791,-0.0027434073986851047,-0.0032446815276974,-0.002723671641137265,-0.0028479850633493396,-0.002193215528191749,-0.0018209125872317086,-0.00133432810700398,0.0003770635008053632,0.0009770313882984708,-0.0006913245863809435,-0.000129703924061851,0.0010940326593127884,0.0006896246258028279,0.0008787984942292322,0.0013688794865297134,8.24526613099097e-5,-0.0005869887923799178,-0.0006260391628428503,7.183187609588602e-5,-0.0005297771825111772,-0.0005473613271090767,0.000404304612001683,0.000697433279100236,0.0013715641900754476,0.0011302743429027875,0.0005976644235542651,0.0008205965829292872,0.0006471808820752892,-0.00044014286553621955,-0.0003395425390331563,9.993912339064595e-5,0.00016227179059925945,-0.0004227729075229574,-0.00016934056989556818,-0.00017290099952878304,0.0006129083626330034,0.0011142102052823682,0.0005390265982811761,0.0005435815765914534,0.0012969229248648304,0.000837075498128347,0.0009454748862544205
0.0002594937008395125,0.0009320422367693975,0.0009153494424094459,-0.00043118306778651877,-0.002085928652877534,-0.0020734846990845246,0.0008561500454331325,-0.0014931288233987056,-0.004479002910662447,-0.008853469417793237,-0.003459008252747124,-0.00029976724602357287,4.595923949083122e-5,-0.003785745715320194,-3.412327008859372e-5,-0.00399542526834693,-0.00611059891100427,-0.0061802795876176545,-6.142719478791649e-6,-3.246581012408545e-5,0.056456168017527945,0.00039501071585975613,8.298231290123132e-5,-0.0025922590492567454,-0.008232217832177485,6.0444446383449545e-5,-0.0013357911379767507,-0.0033599847486853423,-0.00043516652695901946,0.0007572118370206382,0.000930556851553115,0.001084786136239345,-0.0026641122119082337,-0.0006583729923722025,0.0007422427918383537,-0.0013020880252754298,0.0009234386318078438,0.0009363238610003916,0.0009520814735093676,0.0009412516780710279,0.0005823161196224807,0.0005444140740946036,0.00029269018355810575,-0.0001572797805961384,-0.000274833803558518,0.00036787802682226157,0.0002041484924708904,-0.0003209673104968996,-0.00011034663951447468,-0.00018509752937445376,-0.00036662130640048753,-0.00018671922549806557,-5.921856946170326e-5,-1.4839181845420967e-5,-0.00019913958820088465,-2.4541807534617644e-5,-1.0720641008595781e-5,-7.452531374144748e-5,-0.00017472810480669013,-0.0004094337365433506,-0.0003228188702264333,-0.0001304690182124241,-0.00022922546513906174,-0.00016001272833710846,0.0001397006350592512,5.485485629609319e-5,-2.4891871026410713e-5,-8.275006544640235e-5,4.7228659501000187e-5,2.3344336361386906e-5,-6.826861593491278e-6,-0.0001724496729526808,-0.00037879142559409996,-0.00023434132105866007,-0.00023318796069178842,-0.0004372162533755834,-0.0003064093729388218,-0.0003399185003007244
0.00019273406183202842,-0.001854813219579451,-0.001697052880323169,-0.00036689114784874794,0.0007902948591131684,0.0008931014589562018,-0.0012116674894771893,0.000773060115047548,-0.004317087398255029,2.0288402082832876e-5,-0.00046328966515650163,-0.0031611186356196915,-0.008506085516010571,-0.00013048956245048518,-0.003545646901327699,-0.004103780897772889,-7.758178494590104e-5,5.8984787720828104e-5,-0.00616434443089038,-0.006187370441022096,0.00039501071585975613,0.05668430429500387,6.941886359571861e-5,-0.0013139659942003376,3.810748578886709e-5,-0.008470690359756335,-0.002780912484678553,-0.000431471367088546,-0.0035006688426557236,0.0008096150712096166,-0.0007095229162355893,-0.002711329581155364,0.0009964976100484216,0.0009985327569032997,-0.001357301216024853,0.0007273018916038877,0.0009778391346451283,0.000937346586498386,0.001076003458010681,0.0008411831906058253,0.0006607545858311792,0.00043908199775102196,0.00037363057070480385,-0.00017012510605646223,-0.00044563796234699916,0.0004397509388756179,0.00011549862176676307,-0.00032534043696339025,-0.0001750175504108809,-0.00023048432287940606,-0.00038986268512981176,-0.0002004002731023372,-0.00015786046102174247,-2.4475030385241183e-5,-0.0002998565153661591,-4.817639906960148e-5,-6.667832208328971e-5,-7.597529912941018e-5,-0.00016209246214937844,-0.00038494035318355696,-0.00034583405478055086,-0.00010334788854183066,-0.00020922241830808282,-0.00014376837120579834,0.00014681592209022257,3.253629889720793e-5,-5.024558366174758e-5,-0.00010375138658441761,1.1505380566242965e-5,3.306817884544269e-6,-3.3544306432117016e-5,-0.0001796775909857532,-0.00040489035705425946,-0.000260373875715533,-0.00027403767567335606,-0.00047290823838630117,-0.00032976296636011437,-0.0003711352534510156
