x1,x2,x3,x4,x5,x6,x7,x8,x9,x10,x11,x12,x13,x14,x15,x16,x17,x18,x19,x20,x21,x22,x23,x24,x25,x26,x27,x28,x29,x30,x31,x32,x33,x34,x35,x36,x37,x38,x39,x40,x41,x42,x43,x44,x45,x46,x47,x48,x49,x50,x51,x52,x53,x54,x55,x56,x57,x58,x59,x60,x61,x62,x63,x64,x65,x66,x67,x68,x69,x70,x71,x72,x73,x74,x75,x76,x77,x78
0.1220253519926828,-0.025725195867922677,-0.004308249878984384,-0.0012347656748571553,-0.004307997865212616,-0.025724001421613074,-0.003330722280899885,-0.003330510499640076,-0.0021709796183818813,0.0023423482491076535,-0.026559087092369444,-0.02655775582470857,0.0023420265400666135,-0.0013003728989852532,-0.0013002197933637914,-0.0003640687792103195,0.00021935705640639984,-0.0002865606427229873,-0.00028652960502181167,0.00021799212800211097,-2.034563777330744e-5,-1.946185464376084e-5,-0.0001830706205821665,-1.2775404961302983e-5,-9.945925210529058e-5,-9.63831172661366e-5,-1.3922494257517118e-5,-2.588549335961388e-5,-2.6305623593648436e-5,-0.0001663404959832469,6.14614137345227e-5,5.05342961128334e-5,5.148605135402051e-5,6.162775198944729e-5,3.376525674667766e-5,3.40883602409154e-5,-9.393016719111461e-5,1.1423231103378558e-5,2.4538375369473583e-5,2.6071642475143553e-5,1.082848724364588e-5,1.3066957407043561e-5,1.3049152857402925e-5,-6.593095427702219e-5,2.5247448335413906e-5,-1.276019491659054e-5,-1.2312083934971202e-5,2.5017964714320504e-5,6.687537551841121e-6,6.672388840508881e-6,-3.088896524045917e-5,1.7727478677848937e-5,4.665331094399914e-6,5.09907928774778e-6,1.7590544338077623e-5,7.422937523758502e-6,7.49325372331006e-6,-1.3787274944389112e-5,6.509629765978621e-6,-7.3031639942329504e-6,-7.2582677819695355e-6,6.499179038299008e-6,4.524333962977507e-7,4.5665749430000766e-7,-5.438581086441959e-6,8.016891194930328e-6,8.360240114242195e-7,7.980188482167029e-7,8.049565804575776e-6,2.6660676605238295e-6,2.671134031914475e-6,-4.4352601871875405e-7,-2.5301131394274864e-7,8.65637935868393e-7,8.996301458209883e-7,-2.4202034575206713e-7,7.265939309985463e-8,8.15137570559823e-8
-0.025725195867922677,0.084339071286841,-0.004196712248881869,-0.0007964384623026259,-0.0015310809838920722,-0.006292485793508837,-0.003139610815216419,-0.0010862043186335598,-0.0008143219209853866,-0.0013468174975744616,-0.023648475108967955,-0.0025394471788319334,-0.00033026149376168664,-0.0028353902122696985,-0.00041383050287254554,-0.00018084382288394455,-0.00037920122712145214,-0.0007192122640578288,-0.0031259960119440844,-0.0004005437103905134,-0.000225386917204598,-0.0007938481888018794,-0.00010201849927527562,-9.511429867782466e-5,-0.0004321735559419254,-0.00019689737451893428,-0.00025386557426602935,-0.000130604114987164,-0.00014004459004916228,-9.178407015436111e-5,-0.0003275943961707979,-0.00020494242257672828,-0.00021553730267292442,-4.655786982186648e-5,-0.00015286040420384167,-6.56756254726369e-5,-0.00011270624181164909,5.495026853459062e-6,-0.0001553698537194019,-6.838821000194773e-5,-0.00012360354492515108,-3.242913241612274e-5,-5.25806314975656e-5,-6.570552300274991e-5,-1.8399292906878055e-6,-9.252978619516414e-5,-1.8529388114712096e-5,-7.93631423461199e-5,-2.619329635572769e-5,-2.4658280526361387e-5,-3.918042519200143e-5,-6.63903219350192e-5,7.303906158369226e-6,-0.00013568865902041627,1.9324048610142567e-5,-1.5697999882352678e-5,-2.7210421728247087e-5,-1.76136147822599e-5,-1.7702462693129378e-6,-3.205604287347501e-5,-2.2889114079043098e-5,-4.077840180812586e-6,-6.771900861856414e-6,-8.316353957552194e-6,8.712329366344215e-7,-8.189088757149963e-6,-5.973221150770192e-5,6.585677264552155e-6,-2.3893269116004525e-5,-1.7796189061574475e-5,-4.8502684435329675e-6,-2.000938365403351e-6,-2.5710014262010165e-6,-3.4761433958840805e-6,-2.6886034631885436e-5,-1.046244896208711e-5,-1.888514399217964e-6,-8.370522816189978e-6
-0.004308249878984384,-0.004196712248881869,0.021279505501730335,-0.0003233293771432708,-0.0005018080447162136,-0.0015310986697114459,-0.0012369540427203333,-0.0003304656372327725,-0.0005962859747479939,0.0001575365381427807,-0.0035006001674580804,-0.0003876642843992834,-0.00019292786115553888,-0.00048110876690062607,-0.00011463549314149662,-0.00010669400344185188,-0.0001313200132605352,-0.00033879092057666503,-0.0010618938268310762,-6.336812941939646e-5,-0.00011315000864928252,-0.00025233412723144164,-5.1269084227969725e-5,-4.094301180324979e-5,-0.00018538308922581793,-0.0001302839711220311,-9.206949659972444e-5,-5.8225982461179115e-5,-6.507908351377254e-5,-5.014069400653375e-5,-0.00012211264199036786,-9.156852097743291e-5,-7.84998832494964e-5,-2.9629221531549832e-5,-6.060881629724447e-5,-2.891287833901771e-5,-5.644259167589124e-5,-4.795611753129991e-6,-5.6837567720255706e-5,-3.128295723727201e-5,-4.692658764016314e-5,-1.3667494186077908e-5,-2.0826331034794327e-5,-3.524088616078963e-5,-1.8461957842872597e-6,-3.66997776403846e-5,-1.1659480992875488e-5,-2.869134138803138e-5,-1.0287603617400116e-5,-9.990281186639966e-6,-2.038344756590428e-5,-2.2822887032256284e-5,-2.8736632111644554e-6,-5.059902725783771e-5,5.979768807916161e-6,-6.533091931504347e-6,-1.0287593632018303e-5,-9.232497681430424e-6,-1.8621328250164702e-7,-1.4065524616204235e-5,-1.116005506667427e-5,-8.918890207243325e-7,-2.922559167785686e-6,-3.457589972607213e-6,-2.500701158099975e-7,-3.3835565949581476e-6,-2.2536142423108784e-5,-2.384672166547752e-7,-8.686599700179838e-6,-6.765265232214827e-6,-2.4217361931250965e-6,-9.161792662492905e-7,-1.527417212490858e-6,-2.550085779808254e-6,-1.0415084910856276e-5,-4.1747300243094725e-6,-1.1264453361452385e-6,-3.3014292695473447e-6
-0.0012347656748571553,-0.0007964384623026259,-0.0003233293771432708,0.006089306247421651,-0.0003233228140393535,-0.0007964232956708142,-0.0002081824236722165,-0.00020817957691317694,-0.00029945097465072947,9.250043369129746e-5,-0.00043203690345292766,-0.0004319850596695088,9.247051217819286e-5,-4.365433479248945e-5,-4.3657946869878314e-5,-5.086339805130703e-5,-1.3320319825417218e-5,-0.00020623109680226079,-0.0002061793768974194,-1.3002484790219333e-5,-5.168157913471279e-5,-5.1956585591790054e-5,-2.470362828984598e-5,-1.7099904463486403e-5,-6.0317656283945935e-5,-6.128993722640562e-5,-1.73071066046608e-5,-2.099703044004808e-5,-2.108900939231761e-5,-2.3983273655596427e-5,-2.0458968326761287e-5,-2.2804065478626282e-5,-2.2741828324168375e-5,-2.0636450911801147e-5,-1.22994480768648e-5,-1.2271675350227164e-5,-2.290699135835132e-5,-7.86018330669738e-6,-1.201156244457041e-5,-1.1985375812552212e-5,-8.176837738713289e-6,-4.711248550032098e-6,-4.804801597086411e-6,-1.5227745406684274e-5,-3.2791791212167683e-6,-7.91309604768156e-6,-8.042793097088368e-6,-3.2445062374494286e-6,-2.6806571924433063e-6,-2.6864241772656233e-6,-8.443963632669797e-6,-1.5116802148251396e-6,-7.965315865220551e-6,-7.835314333805741e-6,-1.6698018303698078e-6,-2.1508938377930943e-6,-2.15902059333586e-6,-3.8455300155453156e-6,2.707949828984124e-7,-4.408575196731925e-6,-4.430226101849717e-6,2.652058747034562e-7,-9.674959273626629e-7,-9.649357096990069e-7,-4.4202623672473166e-7,-1.3730356899415241e-6,-3.491012147346921e-6,-3.554991618072923e-6,-1.363194319280619e-6,-1.2622854005113228e-6,-1.2712984293960484e-6,-3.1782525615439873e-7,-9.198461315489692e-7,-1.9988937555036343e-6,-1.975929858708237e-6,-9.10680058155561e-7,-6.968031215863175e-7,-6.895488267373247e-7
-0.004307997865212616,-0.0015310809838920722,-0.0005018080447162136,-0.0003233228140393535,0.021279194251666574,-0.004196596737055441,-0.00033046877848683977,-0.0012369540885179746,-0.0005962187024767856,-0.00019289689434737742,-0.00038772420624600334,-0.003500294360635117,0.00015740808268891254,-0.00011468184061417138,-0.00048108704475754375,-0.00010630875004795151,-6.489049112595932e-5,-0.001062010453818248,-0.00033855437996873673,-0.00013171717266796825,-0.0002508748152321186,-0.00011275997124238583,-5.1855043797092916e-5,-9.113091142666457e-5,-0.0001279498330397843,-0.00018687101322426163,-4.099626599035283e-5,-6.489706799840993e-5,-5.863203225755572e-5,-5.092308089961702e-5,-2.9003757901499525e-5,-7.85670761850135e-5,-9.173475162525078e-5,-0.00012300548995739609,-2.918111341349405e-5,-6.104178142410294e-5,-5.592995867334155e-5,-4.606109293875791e-5,-3.1303155248125094e-5,-5.71360764632547e-5,-5.795099368050899e-6,-2.0377928699093205e-5,-1.3818810372079425e-5,-3.498903823415142e-5,-2.8626365769996204e-5,-1.1336850332293276e-5,-3.7145723495968164e-5,-1.7122199599682567e-6,-9.879502657173016e-6,-1.0219583894660456e-5,-2.054455665066037e-5,6.295771923882359e-6,-5.0709793903944164e-5,-2.579618937056411e-6,-2.332483141088903e-5,-1.0295390687428043e-5,-6.635850277305816e-6,-9.27940071520667e-6,-8.581487647244805e-7,-1.10535435408432e-5,-1.4111251931381312e-5,-1.8398514566312228e-7,-3.477185521399857e-6,-2.9329012799101665e-6,-2.45048824038181e-7,-8.704197963191321e-6,-1.7717576107792513e-7,-2.276068279079903e-5,-3.378720075659942e-6,-2.409556008039839e-6,-6.7923579076118876e-6,-9.199663196850838e-7,-4.204132994577286e-6,-1.0476102372915171e-5,-2.517514370780739e-6,-1.5161257438063771e-6,-3.3239011549100486e-6,-1.1171448775426367e-6
-0.025724001421613074,-0.006292485793508837,-0.0015310986697114459,-0.0007964232956708142,-0.004196596737055441,0.08433644895799697,-0.0010862258170500558,-0.0031395248768475554,-0.0008141077661850297,-0.0003302762896133991,-0.002539704229120308,-0.02364702055011731,-0.0013471232412375605,-0.0004139005042723712,-0.0028352017799735977,-0.0001799974836932462,-0.0004023899423529592,-0.0031261572910196785,-0.0007191423637822288,-0.00038063893946480595,-0.0007919239654164898,-0.0002234852090791909,-0.00010435007302938988,-0.0002522377093747117,-0.0001952958383882665,-0.0004329819837636746,-9.52864910029055e-5,-0.00013972793505199848,-0.00013191520771410072,-9.363284468725913e-5,-4.506926845630301e-5,-0.00021614268123786308,-0.0002057800555416885,-0.00033013055145627245,-6.639713378060843e-5,-0.00015443830743053794,-0.0001105885580720342,-0.00012153026720998314,-6.835109012683979e-5,-0.0001562251892535646,3.345651223748426e-6,-5.1338740160999624e-5,-3.256567863748015e-5,-6.470965586641929e-5,-7.866447525624253e-5,-1.7706927984900592e-5,-9.310761873972603e-5,-1.3958100420976545e-6,-2.4189512144439225e-5,-2.58224704004502e-5,-3.947510827211873e-5,1.9905536868404496e-5,-0.00013519722643453439,7.995501174107091e-6,-6.732831552175116e-5,-2.7136779869114053e-5,-1.5909707229689145e-5,-1.767679793826881e-5,-3.973266465639258e-6,-2.249203817554239e-5,-3.20254204338501e-5,-1.7331638928700437e-6,-8.32846634675548e-6,-6.776517093803611e-6,8.804891228803146e-7,-2.3823763305718286e-5,6.669543466796589e-6,-6.004410313691282e-5,-8.144585386696868e-6,-4.795551002865225e-6,-1.778786117429489e-5,-2.0029393506196056e-6,-1.0488634880470028e-5,-2.691407768536147e-5,-3.3934201426531653e-6,-2.5386745484331785e-6,-8.388692983885109e-6,-1.8623269848773637e-6
-0.003330722280899885,-0.003139610815216419,-0.0012369540427203333,-0.0002081824236722165,-0.00033046877848683977,-0.0010862258170500558,0.0168069050332149,-0.0002244591583058357,-0.0003805588556789372,3.0198833924858883e-5,-0.002964690213834433,-0.0002381068485925123,-0.00021821829197485556,-0.00043590965079871565,-0.00010013638008391186,-7.097640217673048e-5,-0.00011182882399107551,-0.00025617122763917896,-0.0008519107197746802,-6.667086192062934e-5,-8.723569020144274e-5,-0.00020566892463857748,-3.369376699760137e-5,-3.304556403928059e-5,-0.0001376225923786854,-9.282674760570097e-5,-7.592803958011041e-5,-4.3924643375978695e-5,-4.997678323345241e-5,-3.306513976615885e-5,-9.999393397906979e-5,-7.349297117099861e-5,-6.541804634992859e-5,-2.3589477979074435e-5,-4.919364581031825e-5,-2.3550161396051576e-5,-4.022703041389345e-5,-2.999926511126104e-6,-4.660164422527034e-5,-2.504681781599699e-5,-3.768488109045317e-5,-1.1084826869050488e-5,-1.686564687718474e-5,-2.4456859110231676e-5,-2.097804178481494e-6,-2.8931993569040987e-5,-8.309271328166636e-6,-2.4074852100778094e-5,-8.436953939924356e-6,-8.154396705051914e-6,-1.444994393389096e-5,-1.9223227954537068e-5,-1.623943039336439e-6,-4.091888341903389e-5,4.455048572997931e-6,-5.393918153815069e-6,-8.498424912782562e-6,-6.5285402711708825e-6,-4.505339901877393e-7,-1.0726145087886828e-5,-8.323691709879079e-6,-1.037881449040901e-6,-2.303945543590103e-6,-2.743104113960918e-6,7.399811964610221e-8,-2.9357441098257147e-6,-1.8118945634903134e-5,2.049875478492528e-7,-7.291682452611351e-6,-5.510155938536088e-6,-1.940314750025102e-6,-6.949351288321471e-7,-1.1289144482026401e-6,-1.8778049447015618e-6,-8.342162153312713e-6,-3.305233460847579e-6,-8.406279922075622e-7,-2.6285707327981814e-6
-0.003330510499640076,-0.0010862043186335598,-0.0003304656372327725,-0.00020817957691317694,-0.0012369540885179746,-0.0031395248768475554,-0.0002244591583058357,0.016806593025759882,-0.0003805021394662886,-0.00021823094626961803,-0.00023815831835526165,-0.0029644382593798585,3.0101156156562723e-5,-0.00010014729454801963,-0.00043587264272506915,-7.066661275235548e-5,-6.780878633251773e-5,-0.0008519754710588711,-0.0002559976307816925,-0.00011226452066698465,-0.00020455792617782883,-8.680566416908292e-5,-3.421808152101368e-5,-7.523736918653064e-5,-9.129099450789608e-5,-0.00013853939943929018,-3.307972224806364e-5,-4.98552736884094e-5,-4.426532451284832e-5,-3.371356109405168e-5,-2.3084293844568755e-5,-6.542693589746133e-5,-7.370269658447289e-5,-0.0001007399077207464,-2.374623105370225e-5,-4.958989128128344e-5,-3.9779876358905325e-5,-3.701421787532812e-5,-2.5021515545785516e-5,-4.6893945268647875e-5,-3.7593924696436363e-6,-1.6501912884915274e-5,-1.1191926613832413e-5,-2.4239177040950936e-5,-2.3983043057461677e-5,-8.050367939017284e-6,-2.925912392056424e-5,-1.988097005608864e-6,-8.053844521687971e-6,-8.37071119841859e-6,-1.4573895703079568e-5,4.6823186850277445e-6,-4.093080177625343e-5,-1.422892219756385e-6,-1.9588566235954686e-5,-8.495139901208495e-6,-5.475498811436037e-6,-6.563665779510785e-6,-1.0096719005091064e-6,-8.23132135507086e-6,-1.075570086085722e-5,-4.4617050308983775e-7,-2.75612691935635e-6,-2.3113932905481197e-6,7.738433859015555e-8,-7.2956477954698914e-6,2.419605054034275e-7,-1.82748505734699e-5,-2.9320581754560792e-6,-1.930068243529933e-6,-5.52593596346611e-6,-6.975352435329486e-7,-3.3246411239786565e-6,-8.379721908192895e-6,-1.8552361794460208e-6,-1.1208818235543138e-6,-2.6432153218516145e-6,-8.340047813667356e-7
-0.0021709796183818813,-0.0008143219209853866,-0.0005962859747479939,-0.00029945097465072947,-0.0005962187024767856,-0.0008141077661850297,-0.0003805588556789372,-0.0003805021394662886,0.13703461146676751,-0.031484487540217064,0.002867125526623052,0.0028673212311714873,-0.031484383326537906,-0.0011805559662588587,-0.0011805017219099266,-0.002385844741862813,0.0024501411709503687,-0.03217291877771412,-0.03216702884621549,0.002447124288018768,-0.001493847251511052,-0.0014908593385458795,-0.0005111964052169846,-0.0003405063812260326,-0.0008916890931750747,-0.0008911647142738596,-0.00033635010715415856,-0.00032889142845085096,-0.0003273695239670881,-0.0005262990936789865,-0.00010074007483990698,-0.0002107435016785007,-0.0002104355412681009,-0.00010234377974315117,-7.142316660977284e-5,-7.2439884212494e-5,-0.00038972898165677127,-4.6755040718286506e-5,-4.152413732310938e-5,-4.0607536545594405e-5,-4.9140524101972894e-5,-1.1649296072149197e-5,-1.2443779739854877e-5,-0.0002607782464879827,8.444241820120039e-6,-0.00010213106347706291,-0.00010079550091887036,6.9895944108593994e-6,-1.5680478697249624e-5,-1.5766750436070525e-5,-0.00013671047656872088,1.801802566750021e-5,-6.946785906015101e-5,-6.875079455749517e-5,1.6960815182184915e-5,-7.080584082141719e-6,-7.100648429370298e-6,-6.086611271664764e-5,1.3331052015981232e-5,-5.4791691783535e-5,-5.499891151535176e-5,1.3288593655327481e-5,-8.617561309421609e-6,-8.622442515681479e-6,-1.3829453856474026e-5,8.481559817134832e-7,-3.325213738651347e-5,-3.3401994757517746e-5,8.559146759097452e-7,-7.660367789879514e-6,-7.640822329845267e-6,-3.871120055151461e-6,-9.313571277776538e-6,-1.766952172790893e-5,-1.75774928155604e-5,-9.268473171749856e-6,-6.5773377415822785e-6,-6.543206476052322e-6
0.0023423482491076535,-0.0013468174975744616,0.0001575365381427807,9.250043369129746e-5,-0.00019289689434737742,-0.0003302762896133991,3.0198833924858883e-5,-0.00021823094626961803,-0.031484487540217064,0.12373138587731847,-0.026573931734364377,-0.001546909480469524,0.0006686604913232074,-0.011973332570376664,-0.0006456899565684426,-0.0005260502591782751,-0.001967907871598718,-0.03808153093658885,0.0028358276435907306,-0.00178296849229687,-0.004473324449259576,-8.85513084086913e-5,-0.00021855532666207808,-0.00043565110503643133,-0.0006193611133207956,-0.0022764562843252257,-1.9952225337985046e-6,-0.00028467377800965924,-0.00043351477086890535,-0.00011057942019617176,4.4055986826687997e-5,-0.0002971492350885855,-0.00038862132986977154,-0.0007602259278532947,-6.448631545175903e-5,-0.00034676242965762027,-0.00017805241815523228,-0.00031238073389331864,-0.0001055795420302848,-0.00033041041982243935,5.971586160031015e-5,-0.00011891484866133334,-5.431742450472726e-5,-0.00011747370802644686,-0.00017497605289651635,1.5886215410014905e-5,-0.00018577727385695955,4.136426062411008e-5,-3.888902946849598e-5,-4.179111421088693e-5,-7.136579034225095e-5,7.996846648905519e-5,-0.0003084698079520673,9.647589780373552e-5,-0.00016677498958590786,-5.3141944290984495e-5,-2.1436186433456095e-5,-3.346788457886203e-5,-6.9489094366367075e-6,-3.43982978864278e-5,-6.240103342174249e-5,-3.2878265080969895e-7,-1.5029933523474712e-5,-1.082324187716835e-5,8.34491433636135e-7,-4.932889631789535e-5,4.852973534952511e-5,-0.00014045439281184428,-4.87679899754933e-6,-9.467995874077269e-7,-3.7805654133259333e-5,-3.5526001847357653e-6,-2.2759424403637678e-5,-5.999314937814775e-5,6.743733739832677e-6,-1.9804632266872351e-7,-1.827608384038123e-5,2.4698311429137465e-7
-0.026559087092369444,-0.023648475108967955,-0.0035006001674580804,-0.00043203690345292766,-0.00038772420624600334,-0.002539704229120308,-0.002964690213834433,-0.00023815831835526165,0.002867125526623052,-0.026573931734364377,0.10871343117125212,-0.00015416027471425026,-0.001546788272928226,-0.01095685609708191,-0.00047535788410228437,0.00019344654976844898,-0.0006930917836115028,-0.0020420244480229555,-0.002330634385625326,-0.0016962361811881219,-0.0003710461307471895,-0.0010850596484521103,6.311451908985928e-5,-0.0001346573332905041,-0.00034135124660474275,-0.0001054495929206018,-0.00019548055833061145,-0.00011700040342037779,-8.491851282753882e-5,0.0001042774491718974,-0.00036103290288494005,-0.00019425398973511935,-0.0003560299477983815,-0.00016179842019977013,-0.00016537292307634578,-0.00013412891897232422,4.909671354540721e-6,-1.9826341849206328e-5,-0.00020424152091283037,-0.00010768367923035755,-0.00012165926485803148,-5.578460932612323e-5,-6.545901960813788e-5,1.9599827264444813e-5,-4.805342136685142e-5,-6.457878168608693e-5,-1.769876599909738e-5,-9.292418216945474e-5,-3.5258911243225625e-5,-3.219182986814443e-5,1.6722823386204819e-6,-7.490153623502964e-5,-2.067084645747846e-5,-0.0001208360021720905,-1.7566166188434895e-5,-2.666615107329032e-5,-3.577130257229237e-5,6.630059453602612e-7,-1.0087035804357295e-5,-2.1742634416844382e-5,-1.4155213102959521e-5,-1.2340888428688368e-5,-7.65211788861079e-6,-8.544758352467411e-6,8.02443274277269e-6,-2.1143184272987356e-5,-4.956870682755358e-5,-4.997909021814239e-6,-3.1569420371074554e-5,-1.9072569956739248e-5,-1.0279462385476503e-5,-1.3935165777949965e-6,-3.435919448526044e-6,-8.233635136866375e-6,-2.4027965114149235e-5,-8.780144717088736e-6,-2.9708244723671344e-6,-7.358365734597724e-6
-0.02655775582470857,-0.0025394471788319334,-0.0003876642843992834,-0.0004319850596695088,-0.003500294360635117,-0.02364702055011731,-0.0002381068485925123,-0.0029644382593798585,0.0028673212311714873,-0.001546909480469524,-0.00015416027471425026,0.108710495892963,-0.026572556864567592,-0.0004754029178759647,-0.010956747722860552,0.00019265909420503434,-0.0016947538238930922,-0.0023308415665251373,-0.0020425772374319355,-0.0006908676244460743,-0.0010866796691787457,-0.00037333545018623657,5.9841661039524936e-5,-0.00019362542298126422,-0.00010761742890435371,-0.0003400653663993108,-0.00013142835281650675,-8.412404383627938e-5,-0.00011684741942996068,0.00010420181997272253,-0.0001622366148583701,-0.00035807690340168503,-0.00019706884797892938,-0.00036475208725039054,-0.00013538946709636742,-0.00016812463129899509,7.728964795662362e-6,-0.00012014646937018924,-0.00010682520132700872,-0.00020648155377045913,-2.1363224268498238e-5,-6.446059161423563e-5,-5.5906741386290274e-5,2.0798781225568356e-5,-9.208100829968122e-5,-1.6393280814104158e-5,-6.477250162477473e-5,-4.7496550357896254e-5,-3.171650766316618e-5,-3.476011526435687e-5,1.8048957513103726e-6,-1.7280361508613643e-5,-0.00011916090428183041,-2.066935873846289e-5,-7.530506801203947e-5,-3.5455394001551666e-5,-2.6875433532834933e-5,7.575899141249453e-7,-1.227471686905085e-5,-1.3592526600540053e-5,-2.164173415355529e-5,-1.006436059531601e-5,-8.494754146869453e-6,-7.622376769766517e-6,8.037194234016198e-6,-3.135608345137841e-5,-4.963240948192596e-6,-4.943417809427636e-5,-2.1129871555184536e-5,-1.020507116104371e-5,-1.898120205412445e-5,-1.3820031924520013e-6,-8.730832308725105e-6,-2.3865791397660986e-5,-8.18801212405545e-6,-3.403979469830029e-6,-7.31730220352688e-6,-2.947237605354892e-6
0.0023420265400666135,-0.00033026149376168664,-0.00019292786115553888,9.247051217819286e-5,0.00015740808268891254,-0.0013471232412375605,-0.00021821829197485556,3.0101156156562723e-5,-0.031484383326537906,0.0006686604913232074,-0.001546788272928226,-0.026572556864567592,0.12372663699846452,-0.0006456845375645264,-0.011973130301946588,-0.0005260687630600838,-0.001785432587638624,0.0028367205892506522,-0.03807458134109339,-0.0019669400264273715,-8.815632844572524e-5,-0.0044717082644830045,-0.00021973830512449195,3.210288181536039e-8,-0.002274633176570172,-0.0006208715855885884,-0.00043153922576723834,-0.00043357510783017795,-0.0002826730889918478,-0.00011029840178571011,-0.0007627319739966864,-0.00038956720026977494,-0.00029836469268660666,4.272196997643785e-5,-0.00034596155864423595,-6.389094152046394e-5,-0.0001821301785007229,6.251577393948727e-5,-0.0003322271179144834,-0.00010643308598934716,-0.00031341753006380944,-5.5383757687983876e-5,-0.00012070175218754151,-0.00011866907797922903,4.019407362268159e-5,-0.00018517647586756497,1.5185449263112704e-5,-0.00017542826030074416,-4.2809335088909334e-5,-3.952630355739463e-5,-6.967039837104493e-5,-0.00016423489375553448,9.469386096668194e-5,-0.0003082986159967787,7.908386382972054e-5,-2.0756104430262136e-5,-5.289281708727631e-5,-3.2865737430436e-5,-5.176942982022431e-7,-6.215332620686145e-5,-3.498536757089278e-5,-7.218467935657839e-6,-1.0718071017447234e-5,-1.490900304600574e-5,8.4735375109061e-7,-4.905253250974865e-6,-0.0001391329567708781,4.863375037088168e-5,-4.925253490856654e-5,-3.765095492530283e-5,-9.747373823669927e-7,-3.511582238316635e-6,-1.8871718569297549e-7,6.7014498110202655e-6,-5.9626761748847676e-5,-2.2572680818717927e-5,2.482296810954868e-7,-1.8135935109997453e-5
-0.0013003728989852532,-0.0028353902122696985,-0.00048110876690062607,-4.365433479248945e-5,-0.00011468184061417138,-0.0004139005042723712,-0.00043590965079871565,-0.00010014729454801963,-0.0011805559662588587,-0.011973332570376664,-0.01095685609708191,-0.0004754029178759647,-0.0006456845375645264,0.04158296063686218,-0.0004267391690277421,-8.926935901681346e-5,-0.00031856010239041647,-0.00450182015781335,-0.0002650725157500545,-0.0009440565577899698,-0.0007445221704462663,-0.0003611288745750029,-1.9726771512548865e-5,-0.00014479035528155537,-0.00021219876896184006,-0.0004718324261276146,-5.5143212843476294e-5,-9.890819161991497e-5,-0.00011272741225258844,8.348030697857468e-6,-9.10015947963803e-5,-0.00012251755640328924,-0.00022527477555827225,-0.000237195734627424,-6.181677767191336e-5,-0.00012945559852363606,-4.002842827423437e-5,-8.328594288825795e-5,-8.507152151404247e-5,-0.00010762857250183459,-1.9138959824246645e-5,-4.560280381407098e-5,-3.0957878504832704e-5,-2.1262331652167918e-5,-6.156779156941063e-5,-1.2892694150924239e-5,-5.318143655193788e-5,-1.5777595949458542e-5,-2.0586627572169252e-5,-2.0011453835289203e-5,-1.6561236306109696e-5,-3.3196774184282366e-7,-8.559732119077974e-5,-8.816508648195357e-6,-4.876620678029254e-5,-2.120159584850173e-5,-1.577851824489569e-5,-7.712092573895171e-6,-4.905927026445552e-6,-1.4597347613100879e-5,-1.936243378743079e-5,-3.99636724820007e-6,-6.044481373092413e-6,-5.153507519948188e-6,2.686315175764432e-6,-1.9014497576169887e-5,-1.0625775159597445e-6,-3.795572656553538e-5,-1.0274622980138424e-5,-5.612390395842895e-6,-1.275244460604558e-5,-1.2814925645862246e-6,-6.826323715547875e-6,-1.7850071450559008e-5,-4.848547995045292e-6,-2.439058789442138e-6,-5.552358277844806e-6,-1.9496444681943567e-6
-0.0013002197933637914,-0.00041383050287254554,-0.00011463549314149662,-4.3657946869878314e-5,-0.00048108704475754375,-0.0028352017799735977,-0.00010013638008391186,-0.00043587264272506915,-0.0011805017219099266,-0.0006456899565684426,-0.00047535788410228437,-0.010956747722860552,-0.011973130301946588,-0.0004267391690277421,0.041582810458817406,-8.976011994433423e-5,-0.0009430183665733805,-0.0002651005445620616,-0.004501534792603902,-0.0003215371921500781,-0.00036138315052602486,-0.0007427935530649036,-2.0208633583484014e-5,-5.318226113753963e-5,-0.0004753395233986485,-0.00020740463058923172,-0.0001433389738355602,-0.00011159231862286645,-9.813550814298138e-5,8.42021886209768e-6,-0.00023825641407441647,-0.0002255706830845345,-0.00012357866572003452,-9.243395953696848e-5,-0.00012981451057668706,-6.237875818419113e-5,-4.068368187849172e-5,-1.8012124291800288e-5,-0.00010767984801509492,-8.608182036776045e-5,-8.441960752504276e-5,-3.0944408221867585e-5,-4.624812342020895e-5,-2.164893091771592e-5,-1.5720285643241945e-5,-5.267834086722782e-5,-1.3198550401048804e-5,-6.165665077216278e-5,-2.0117832530351072e-5,-2.0650386356959084e-5,-1.6296401584585008e-5,-4.818589003934729e-5,-8.64204156321943e-6,-8.591160296093248e-5,-5.353828922057788e-7,-1.5518645472235895e-5,-2.1236288394825685e-5,-7.632700356318184e-6,-4.006850889107461e-6,-1.9249495612725666e-5,-1.479483953481933e-5,-4.954562786906274e-6,-5.125003574821093e-6,-6.021416816632434e-6,2.6725562363401334e-6,-1.0204971364118441e-5,-3.7768700005549485e-5,-9.53209809094272e-7,-1.9027160925040925e-5,-1.2729129034557991e-5,-5.591946112779587e-6,-1.2744937500315082e-6,-2.4274987736075074e-6,-4.811888434319792e-6,-1.781797185727417e-5,-6.800188522487868e-6,-1.9400622387303502e-6,-5.5333992853884875e-6
-0.0003640687792103195,-0.00018084382288394455,-0.00010669400344185188,-5.086339805130703e-5,-0.00010630875004795151,-0.0001799974836932462,-7.097640217673048e-5,-7.066661275235548e-5,-0.002385844741862813,-0.0005260502591782751,0.00019344654976844898,0.00019265909420503434,-0.0005260687630600838,-8.926935901681346e-5,-8.976011994433423e-5,0.12587996334635457,-0.02775163818612748,0.002264291304888405,0.0022639730532993192,-0.027756039372440092,-0.0013433482253693767,-0.0013456929188178824,-0.0018104807522162506,0.0008087703065497589,-0.02849024496224582,-0.028476690656681663,0.0007963294589096681,-0.0018761412010429245,-0.0018691588316909354,-0.0008856380541925667,-0.00039527712991479927,-0.0004886290374547804,-0.00048559876474098463,-0.00038939430770144597,-0.0002607814943359707,-0.0002592736641830298,-0.0007430279521505972,-0.00020252801423081493,-0.0001506245595940274,-0.00015434383134041075,-0.00020366614241116353,-7.66776651447273e-5,-7.840491799449978e-5,-0.0005551765938850737,1.022024300069021e-5,-0.00016745721043111945,-0.00016395105442230446,7.4759367123568635e-6,-2.5450187454447816e-5,-2.5251858943366797e-5,-0.00029606761266006614,2.7080068382929156e-5,-0.00013134918405377453,-0.0001298585446821539,2.5714683120828965e-5,-1.488517167881931e-5,-1.4866278282007438e-5,-0.00013709165120693133,3.064568394998856e-5,-0.00011839979264291752,-0.00011895789206055296,3.0633312389949754e-5,-1.7743767735144327e-5,-1.7764150741803058e-5,-3.121244109092005e-5,2.578935026461478e-6,-7.074717792869166e-5,-7.036852529770945e-5,2.4320900030944935e-6,-1.6238457552475393e-5,-1.6071683077384223e-5,-8.49121850524395e-6,-2.0491268677157607e-5,-3.90865648462093e-5,-3.909961348033731e-5,-2.045857355615471e-5,-1.449206898377558e-5,-1.4472385342772786e-5
0.00021935705640639984,-0.00037920122712145214,-0.0001313200132605352,-1.3320319825417218e-5,-6.489049112595932e-5,-0.0004023899423529592,-0.00011182882399107551,-6.780878633251773e-5,0.0024501411709503687,-0.001967907871598718,-0.0006930917836115028,-0.0016947538238930922,-0.001785432587638624,-0.00031856010239041647,-0.0009430183665733805,-0.02775163818612748,0.11297412093215473,-0.02670898034105619,-0.0010916657338780299,-0.00013902307309668018,-0.010608176248317103,-0.00040061319483985857,-0.0004803494964090622,-0.001424524557634113,-0.029210295697512382,0.0003909126165912427,-0.0004789407641766551,-0.0030750898028859826,-4.087916547916993e-5,-0.0002160468764304744,-0.0002899876981577547,-0.0005262156746928334,-0.0015879777532373006,-0.0003478665788681937,-0.0002035583754117412,-0.00039768183069575794,-0.0002448537939770882,-5.4535948289564954e-5,-0.00019711240604869206,-9.621130627385905e-5,-0.00024641096658974967,-5.685567816065382e-5,-9.726285994243931e-5,-0.00019044605026415594,-0.00012256466994752197,-4.7204478352892105e-5,-0.00014497172841704094,-1.8538094430775978e-5,-4.569245640292733e-5,-3.5591923335865033e-5,-0.0001181947955534104,-7.358892684500805e-6,-0.00011261525988908666,-8.182335093998385e-5,-3.961734598214963e-5,-2.5218793835267853e-5,-2.8441316037786393e-5,-5.453683533510516e-5,5.271196292266078e-6,-6.469265749643844e-5,-5.0600654964049484e-5,-9.591392848048099e-7,-1.4207003407202326e-5,-1.1427337398467127e-5,-7.111534448418443e-6,-2.1954665959243057e-5,-3.4670787166574536e-5,-6.31131024877413e-5,-1.4016177666580427e-5,-1.474846267471516e-5,-1.9464447882208746e-5,-4.440037934470632e-6,-1.4217570646270054e-5,-3.2286635287557554e-5,-2.259491857598768e-5,-1.109878992048347e-5,-1.0839410715763795e-5,-8.265499165035084e-6
-0.0002865606427229873,-0.0007192122640578288,-0.00033879092057666503,-0.00020623109680226079,-0.001062010453818248,-0.0031261572910196785,-0.00025617122763917896,-0.0008519754710588711,-0.03217291877771412,-0.03808153093658885,-0.0020420244480229555,-0.0023308415665251373,0.0028367205892506522,-0.00450182015781335,-0.0002651005445620616,0.002264291304888405,-0.02670898034105619,0.12365452644437598,0.0002633648058520875,-0.0010918178399270638,-0.011374221708455281,-0.0004669433058613448,-0.00012527035336115086,0.00015879280217074283,-0.0005308900378309493,-0.0008201510534410925,-0.0008342398301950661,0.0001046020978880533,-0.000457461155277815,6.388353722834536e-5,-0.00010077845942293645,-0.0002125312895275846,0.00018090099551426627,-6.210632863250357e-5,-7.882087363812851e-5,1.6566989371558787e-5,5.9251644910355125e-5,-6.172968053753582e-5,-3.646932909110438e-5,-0.0001959408538889351,1.0997331014949144e-5,-3.023125359192843e-5,-4.274418774041074e-5,5.201495122258907e-5,1.0038009648563468e-6,-2.5313858467482037e-5,1.0549562336577883e-5,-3.898994110138611e-5,-7.200262773307237e-6,-1.243192499099568e-5,2.8746230303062244e-5,-2.7468833424294352e-5,-1.8312433069839694e-5,-1.8247699683522092e-5,-1.8552536670375377e-5,-1.4539736961769216e-5,-1.094665100943385e-5,1.2464970837270421e-5,-7.802068036303426e-6,5.10879129016742e-6,-1.2886373127500905e-6,-4.930565670134308e-6,-1.2952711310880227e-6,-2.281918239922819e-6,6.2786332807251186e-6,-9.802029038992111e-6,-7.839728124146452e-6,-1.5771649524399136e-7,-1.2306796448464446e-5,-5.027003823185603e-6,-3.922316096717919e-6,2.2502190537951503e-7,-2.1863623843256622e-7,-1.7291899568730143e-6,-4.37883069759703e-6,-1.0311735655947303e-6,-4.621073988935725e-7,-1.1389577801167963e-6
-0.00028652960502181167,-0.0031259960119440844,-0.0010618938268310762,-0.0002061793768974194,-0.00033855437996873673,-0.0007191423637822288,-0.0008519107197746802,-0.0002559976307816925,-0.03216702884621549,0.0028358276435907306,-0.002330634385625326,-0.0020425772374319355,-0.03807458134109339,-0.0002650725157500545,-0.004501534792603902,0.0022639730532993192,-0.0010916657338780299,0.0002633648058520875,0.12364755520247968,-0.02670408919648302,-0.0004664481530788523,-0.011376531724591117,-0.00012731194723809695,-0.0008320128977089391,-0.0008197806749171439,-0.0005316724223438584,0.0001613768491765628,-0.0004606005678414706,0.00010124621239889002,6.089823434209572e-5,-6.138475007533918e-5,0.0001763381350969359,-0.0002092466544463975,-9.90388320820594e-5,1.6804583353781595e-5,-7.945591476524443e-5,6.121336217817069e-5,1.0112309149367604e-5,-0.0002000011718876845,-3.7242418342434906e-5,-6.099940270174427e-5,-4.393976017345031e-5,-3.035775818667889e-5,5.456220485710139e-5,-3.908558472885874e-5,9.182331752716166e-6,-2.4223346107610652e-5,-9.472699992543172e-8,-1.2836466655283784e-5,-7.167042203305866e-6,2.9729216729431096e-5,-1.8972665510716008e-5,-1.7734391134400828e-5,-1.8781349550158738e-5,-2.7509718627375435e-5,-1.0940881080446932e-5,-1.4714069084592602e-5,1.2984925786130003e-5,-5.158078132734361e-6,-8.12292793275077e-7,5.250610757674015e-6,-7.974227420072723e-6,-2.258769862501967e-6,-1.3329371653668085e-6,6.450221086251928e-6,-1.2397216235887925e-5,-3.431275244951809e-7,-7.5726012516045805e-6,-1.0054088836583669e-5,-3.989027015697401e-6,-5.033012899082916e-6,2.4826218895616554e-7,-9.599931660494643e-7,-4.227398731689814e-6,-1.7719990786751905e-6,-2.076667327456655e-7,-1.0897000782252186e-6,-4.6277100516021586e-7
0.00021799212800211097,-0.0004005437103905134,-6.336812941939646e-5,-1.3002484790219333e-5,-0.00013171717266796825,-0.00038063893946480595,-6.667086192062934e-5,-0.00011226452066698465,0.002447124288018768,-0.00178296849229687,-0.0016962361811881219,-0.0006908676244460743,-0.0019669400264273715,-0.0009440565577899698,-0.0003215371921500781,-0.027756039372440092,-0.00013902307309668018,-0.0010918178399270638,-0.02670408919648302,0.11297923355732761,-0.00040221103517439327,-0.010609230528540575,-0.0004825475682267383,-0.0004913766635612009,0.0003959654132343846,-0.029211527596150377,-0.0014215715639319555,-4.017866766200821e-5,-0.0030715145639189563,-0.00021640228831253588,-0.00035148768631330734,-0.001581922284848013,-0.0005275201209331914,-0.000289875452193649,-0.0003958984957308942,-0.00020377815464699505,-0.00024616397163315185,-0.0002472134946806384,-9.931797916139077e-5,-0.00019904929386868806,-5.277462287210379e-5,-9.78388106504693e-5,-5.6554682329878025e-5,-0.00019136287703189656,-1.7041642740484552e-5,-0.00014742654020197528,-4.727998725134337e-5,-0.0001230341598197873,-3.598232064225403e-5,-4.5744040693225944e-5,-0.00011703611108952471,-3.840112509606404e-5,-8.097868619471749e-5,-0.00011290434660556193,-7.700375376879144e-6,-2.790212727973145e-5,-2.5260760118764598e-5,-5.40497440260083e-5,-8.072469180023878e-7,-4.9707281305952514e-5,-6.457663812429196e-5,5.353875986306844e-6,-1.1206038140593391e-5,-1.4019520374923838e-5,-7.101933242727245e-6,-1.3627769362218604e-5,-6.260583451782094e-5,-3.3895877817269537e-5,-2.1800527921776293e-5,-1.9318764735270992e-5,-1.4467377319406746e-5,-4.400146474496887e-6,-1.0986896253356893e-5,-2.228219081719775e-5,-3.2029993591993506e-5,-1.4081586165183277e-5,-8.175252351838174e-6,-1.0736642059767607e-5
-2.034563777330744e-5,-0.000225386917204598,-0.00011315000864928252,-5.168157913471279e-5,-0.0002508748152321186,-0.0007919239654164898,-8.723569020144274e-5,-0.00020455792617782883,-0.001493847251511052,-0.004473324449259576,-0.0003710461307471895,-0.0010866796691787457,-8.815632844572524e-5,-0.0007445221704462663,-0.00036138315052602486,-0.0013433482253693767,-0.010608176248317103,-0.011374221708455281,-0.0004664481530788523,-0.00040221103517439327,0.04053857634856751,-0.0003232228821118384,-0.0001541520762493534,-6.120510776373115e-5,-0.0028896940355132637,-0.00013313377013296075,-0.00038098811053424904,-0.00038337520525678686,-0.00014414284549412072,-1.4206795346609618e-5,-0.00011452697127843743,-0.00018438047130482353,-0.00025929425160634354,-7.119564526840635e-5,-7.872894043950006e-5,-7.147684274611338e-5,-3.21739335238698e-5,-2.4420132553589083e-5,-6.201117610435943e-5,-8.140624574393513e-5,-6.351986229274506e-5,-2.2027788006934056e-5,-3.842901223681721e-5,-2.5451438815227594e-5,-2.5396207875731326e-5,-2.230109612599051e-5,-2.339833303034051e-5,-2.3241218350945523e-5,-1.3455579320537834e-5,-1.2296258159277996e-5,-1.7740754819085958e-5,-1.680827894667886e-5,-2.259486302934147e-5,-3.407953989469332e-5,-1.0449369203318269e-5,-9.955242511375704e-6,-1.1117724129106196e-5,-8.557313177772631e-6,-1.2978602312687103e-6,-1.3925908500242424e-5,-1.1354020825286503e-5,-2.203829081086553e-6,-3.644737079457335e-6,-3.5021677498882537e-6,4.517433780156662e-7,-7.531264961805737e-6,-1.495437475223309e-5,-1.0671355355530705e-5,-8.456807762455766e-6,-5.99066414694552e-6,-5.0769036432007725e-6,-9.64417122225417e-7,-2.9117869395358237e-6,-6.703440588536282e-6,-8.277490261138461e-6,-3.454943438215444e-6,-2.2919484448877875e-6,-2.7377918638989485e-6
-1.946185464376084e-5,-0.0007938481888018794,-0.00025233412723144164,-5.1956585591790054e-5,-0.00011275997124238583,-0.0002234852090791909,-0.00020566892463857748,-8.680566416908292e-5,-0.0014908593385458795,-8.85513084086913e-5,-0.0010850596484521103,-0.00037333545018623657,-0.0044717082644830045,-0.0003611288745750029,-0.0007427935530649036,-0.0013456929188178824,-0.00040061319483985857,-0.0004669433058613448,-0.011376531724591117,-0.010609230528540575,-0.0003232228821118384,0.04054151353873708,-0.00015649235683150628,-0.00038248333768530347,-0.00013223832725708283,-0.002890307028487818,-6.157107042821664e-5,-0.00014499408128940328,-0.0003828916749377879,-1.448719007161769e-5,-7.076497900871833e-5,-0.0002632079183245605,-0.0001799938878253481,-0.00011252993868276772,-7.10236476214944e-5,-7.798636241896628e-5,-3.227370280192207e-5,-6.438134580843497e-5,-8.183714761248499e-5,-6.152684190835654e-5,-2.3434545123779734e-5,-3.889837809495027e-5,-2.162799382545404e-5,-2.5265408972873473e-5,-2.341873481968184e-5,-2.4296678141684835e-5,-2.2314237493429684e-5,-2.5852366003924026e-5,-1.259998742045034e-5,-1.3520532600739186e-5,-1.7565574449460417e-5,-1.015941551472951e-5,-3.4335719185781155e-5,-2.270500556483496e-5,-1.7262863990608846e-5,-1.111106400631729e-5,-1.01013169497001e-5,-8.450817053514676e-6,-2.2477314950177103e-6,-1.1096530512294915e-5,-1.4041559990828297e-5,-1.3210802556813497e-6,-3.4897547650297886e-6,-3.653765902786349e-6,4.930575779275944e-7,-8.504726266768496e-6,-1.0612779343734925e-5,-1.506484730450331e-5,-7.599197777870711e-6,-5.086275410294139e-6,-6.023345922016341e-6,-9.62627682939537e-7,-3.471763822165552e-6,-8.315168307286887e-6,-6.682166911931849e-6,-2.8963693882860433e-6,-2.752177943048795e-6,-2.2817312222539295e-6
